	reagent	Anaphase	Apoptosis	Artefact	Binuclear	Elongated	Folded	Grape	Hole	Interphase	Large	Metaphase	MetaphaseAlignment	Polylobed	Prometaphase	SmallIrregular	UndefinedCondensed
0	ARID1B-2	0.0251426971072039	0.02946467435177242	0.04421579327763875	0.12423072857614471	0.04371617939430446	0.02119319254269359	0.04331363687896854	0.03392475659586709	0.29030201702636155	0.0429052337201833	0.029392841067734585	0.05178621047057137	0.11138931677467995	0.045062994413125536	0.040484066315108806	0.023475661487641627
1	no reagent	0.024341317757746266	0.03502403043538119	0.07336470245237166	0.12705945226186863	0.029558663357491657	0.024507089864752793	0.042954092715537906	0.0351776333152846	0.23572348802047452	0.03797821118614547	0.03356536202508525	0.049128812532588266	0.11955577399273974	0.05684462646023291	0.04673816381758303	0.028478579804712592
2	HIF1a-2	0.024472203852090965	0.051419600381237794	0.07004659779732507	0.1243790303263782	0.031023558028219843	0.027737173290059945	0.05384914586856653	0.046747480556824914	0.2047550806966416	0.036442405971702646	0.03226364207120339	0.03891999469565961	0.10599562945647137	0.06781546842691111	0.04328244723829596	0.04085054134241004
3	COX5B-1	0.024995923591537537	0.029919313248720807	0.07062943404770304	0.1151007603094575	0.03195807184620377	0.023143499301401176	0.03891464893465316	0.03394460821690215	0.25354095932737786	0.0401070748269597	0.03312689792996281	0.05533216722690571	0.11433537626562562	0.058290463209741045	0.05071333953461643	0.02594746218223186
4	PSMA1-1	0.017239856441352033	0.021850706725345198	0.037494310148267304	0.070884568959771	0.08260380203543315	0.014127025290828455	0.06055946187705882	0.04143617587019788	0.27411189808777503	0.0549996497243514	0.028807361573307984	0.06849120831677087	0.08293239937485375	0.09312779772622208	0.025724207801216935	0.025609570047249213
5	LacZ-2	0.023612009081860633	0.027491057444158758	0.0740999317152085	0.13198007252467037	0.026902761463697404	0.02214274580552362	0.03510024701093338	0.03156150264657074	0.26332458660911856	0.03773140560049249	0.034079320037840984	0.04628236019859562	0.12336857598348522	0.054579721269950025	0.041876616548609746	0.025867086059283836
6	Chr2-3	0.025208465482038943	0.027175089793044796	0.05313699783691354	0.10138688762792504	0.0418648196070453	0.018769376840389602	0.04375153703710071	0.03420426639353642	0.2944639532052875	0.04339224774460724	0.030099130719545848	0.060638132775419476	0.10106412721453106	0.059411925900805185	0.04277366843614232	0.02265937338566645
7	SMARCB1-1	0.02353480931915574	0.028966020687637397	0.05482747790514185	0.14892386896963547	0.03553526717264349	0.021732296680135984	0.044782745515335357	0.029715386065715242	0.2886871127015884	0.05739439725312812	0.02517091357209147	0.03652950038252203	0.1178481075862293	0.03622620241004837	0.025648844060614382	0.024477049718377178
8	CDK4-1	0.0247672363017048	0.02724065575040231	0.08068989541857056	0.10967537205294563	0.036820827257273474	0.020357096866133906	0.046591517213468894	0.04212239687941789	0.1946169198660825	0.037759576453631254	0.03640911049466447	0.0683149955804128	0.10702849022165077	0.08244484098600352	0.05514063628534118	0.030020432372296138
9	PSMA1-2	0.02007559301545084	0.029184980795764072	0.04182512992354098	0.08124018718481502	0.07773142789397197	0.01619642311967022	0.06159079688757959	0.04037652309204342	0.2677441277222193	0.06071728469361694	0.027812177855920113	0.056060450436058444	0.08175796823850258	0.0846222365209041	0.02711042814216743	0.025954264477774464
10	RHOA-2	0.029560489866765037	0.03695032022775837	0.0597903987375326	0.10772899084622728	0.02072804901524366	0.01934515648474793	0.037951900836252016	0.02547289053532937	0.32066872151645914	0.07758578654369523	0.022800841774713438	0.03798034760284849	0.13869402248347776	0.02547226803953525	0.020143120179835154	0.019126695309578244
11	BCL2-1	0.026170928558320528	0.03309900028344966	0.05397492084036563	0.11959563203605958	0.03215967209504127	0.024278236836074704	0.04100557871894538	0.03204457599472584	0.30481037418842694	0.04331330459894975	0.026555385760867342	0.047044060028275166	0.10923560405145434	0.042232988913561226	0.04223753139101887	0.022242205704462597
12	YAP1-2	0.026083798995001354	0.029402557684714784	0.0675655894303241	0.1317420738522625	0.026872577231219663	0.02318615682051689	0.03358247634554052	0.036458042326891066	0.280869041822114	0.03808640554650911	0.03129833517292615	0.05000263832172913	0.09142300083922439	0.06253871268926506	0.04274762092437427	0.02814097199738699
13	ORC4-2	0.0247821831655095	0.02832661376492607	0.06347454101311026	0.10867263758014399	0.030742540673892076	0.02109004041456882	0.04561543203135649	0.03389237537667882	0.2773661807085311	0.044062650809369615	0.030004036755960556	0.05491479879106198	0.12247962298078217	0.05002096970261407	0.04280281825398716	0.021752557977507588
14	RAF1-2	0.02726350560019996	0.03291911097808681	0.06526243850987376	0.11793516028165364	0.03198968306286254	0.024063233640050714	0.046049816446960955	0.03403445752621134	0.26796325528841897	0.045859333951608384	0.02948417996564669	0.04706668121585959	0.12105550072619821	0.04336916094333361	0.04098180625523523	0.024702675607799027
15	SMARCB1-2	0.022638301471765356	0.030343276307920053	0.061155186181048635	0.13900720268623107	0.032040062258943736	0.023661150402065383	0.05405285916561991	0.029565779810528978	0.26853158098121443	0.04398776321045728	0.028552711375837408	0.037120720458784	0.1360710572694228	0.037834300751708544	0.03188451555401071	0.023553532114441687
16	Chr2-4	0.024739679041342107	0.03180909136578429	0.07060778985063391	0.1254349347191495	0.030570374532510314	0.024490091390028796	0.04131771914147727	0.03465298300577717	0.24524306106479837	0.04007597832389792	0.03224304409728366	0.04979697816693239	0.12620126717273306	0.05145152191488331	0.04646544206679334	0.024900044145973667
17	AURKB-2	0.025391221292232827	0.02558973426807981	0.05064451690412734	0.12620166728044993	0.03621011660239255	0.020195743228363712	0.05258458819783465	0.030483057740979702	0.27087118375347685	0.04574582131138504	0.029222325940098423	0.048772591033980225	0.1279463855010991	0.048245488528434646	0.03935368600983442	0.02254187240723066
18	Chr2-2	0.02563277485832616	0.03023858098894477	0.07021434525940697	0.11916030507157917	0.03139985595401892	0.022671870466754583	0.037977280285165685	0.033802174057078985	0.25420258069165125	0.04334873977874747	0.03252880203570043	0.053326364294111396	0.11918310551961785	0.05466030296530103	0.04667776217890634	0.024975155594690362
19	EZH2-1	0.027753982999044507	0.02962289199022222	0.05563384266956186	0.12192378904214003	0.028186551821079563	0.021208685101321564	0.03858137081591349	0.026302578593637205	0.3165061726279534	0.051108087726739145	0.030066368289422645	0.04303993557579422	0.11754339391886333	0.036931518430031555	0.03429042384209901	0.021300406556175697
20	PIK3CA-1	0.024884429659447614	0.026118727834263993	0.048955186757169325	0.11473782702146797	0.03620099991317533	0.02060721345162845	0.039194323176253196	0.028584890541927522	0.3302231038463756	0.054515393614476146	0.026290611065208587	0.04212758511952946	0.11747804966605611	0.03837506211671016	0.030731520217932604	0.020975075998376346
21	BCL2L2-2	0.023582662651886206	0.031737836578193325	0.08513863429798126	0.1264818005447247	0.0235953501881083	0.02413267568343179	0.03841800087638251	0.03110708738300307	0.2551758250135616	0.03847085356647629	0.03069860409878514	0.04435351790387372	0.1283496786579476	0.04991115135458011	0.044518245266580665	0.024328075934483846
22	CHEK2-2	0.023834616617211278	0.028134388882304285	0.09117286635620434	0.1217044522379563	0.032378209389455286	0.02227078823436494	0.042189456246784385	0.03353566324099543	0.2267766588858008	0.033945443276940664	0.03489771241804504	0.05554768209887411	0.13092340429316937	0.05631895056680882	0.04214036047753367	0.02422934677755017
23	MCL1-5	0.022326905607970446	0.02924394812066685	0.07969177517073922	0.11060739411284809	0.029685376056114366	0.01877888189275944	0.03928781649124918	0.029280904891417478	0.28474102022957837	0.0398253215341999	0.029653206646321883	0.051786353545816975	0.12328543124760183	0.05190036521628925	0.038641381002314755	0.021263918234111768
24	PPIB-2	0.024559972200082145	0.03347117124841638	0.06374178950486474	0.11765737041246223	0.03731639776624743	0.02152179074879373	0.05271024299773773	0.035924005461022535	0.23264362582837186	0.0430936256361495	0.032844233013079406	0.047321198195387215	0.13727929571510208	0.05589985740021896	0.03681913693653684	0.027196286935525858
25	PPIB-1	0.026659986964555127	0.039820799483030314	0.06758217100308209	0.11921186336652827	0.03158886049029343	0.02469283891580927	0.04285690038949473	0.037544627249406645	0.25097211163408406	0.043070976136155584	0.03120028727153839	0.04534623233899689	0.11670543613737888	0.04965862141235055	0.04241899862148653	0.03066928858580975
26	JAK3-2	0.031677793025407006	0.061866775571853536	0.06363644960604227	0.10988029123251848	0.04041864732364014	0.026558168886763114	0.07023367781272574	0.05083650753733258	0.20159607719912556	0.04874932957779512	0.026550044666416018	0.038297593424356624	0.1107338259571421	0.043120646759059716	0.0368382088748737	0.039005962544947315
27	BCL2L2-1	0.02578865867149791	0.033204959680759386	0.05068060848781457	0.10110748951201136	0.054406106136501056	0.019262003944795346	0.035024865162320576	0.03190943099099436	0.30630611013074077	0.048800595658034567	0.03085564421658208	0.058014504838883936	0.0900143318976077	0.05139689637892046	0.03961973267036427	0.023608061622171092
28	STAT3-1	0.027573178244701464	0.0314048703653759	0.0641614335883013	0.13805928024815484	0.026082863629517967	0.024390609714869484	0.038454320886659746	0.033533364287662175	0.2459782722213193	0.033586178909091914	0.034427499886725554	0.05558257454524573	0.10781732884704565	0.05349228976311188	0.058454580999794184	0.027001353862422937
29	PRDX1-1	0.021430031717623428	0.031242142158844348	0.07641126153312873	0.13163746938642207	0.02598338659729757	0.02334533223410777	0.04021250487512688	0.028689252480144263	0.2594151136485574	0.03753073881621808	0.030513917937622984	0.04379035451952978	0.1430007659897557	0.04292647921888297	0.041437121231825656	0.022434127654911967
30	ORC4-1	0.025001943975076296	0.04125625214156231	0.07956518624510228	0.11701939292594668	0.027170259863361603	0.02599432174293618	0.045851121940237764	0.03936754843998331	0.20593015503184542	0.03252054979783115	0.03438282797842634	0.0527215291479302	0.11623434411493311	0.06951976586739755	0.05348091851044523	0.03398388227698633
31	Chr2-1	0.025590084163234893	0.03734072289918065	0.06291416375215446	0.11051755504465188	0.040622425169943806	0.02094164619936771	0.052403793552599894	0.04142026132219652	0.2496060474352839	0.039240925541355054	0.02843476268770154	0.054740350009414684	0.10493535716235142	0.05929156617521882	0.04399871855864583	0.02800162032669863
32	ATF4-2	0.02456337298118476	0.028909744301508025	0.0563187864635257	0.13276844225590528	0.03076015810702537	0.022066928857725186	0.042169376761443264	0.030524387074559702	0.27898958500586685	0.040388697351928175	0.029715526689988187	0.05287216178220513	0.11772516408761968	0.048117880580829935	0.04142494800519562	0.022684839693489885
33	EZH2-2	0.027904666966058388	0.029390626251111177	0.05185338297454199	0.1418958005572895	0.03417220555279905	0.022885084427084673	0.034980106435851206	0.03470504247920581	0.2764739555888769	0.04369484831568193	0.030288865938478862	0.04906526096349339	0.11806562200052029	0.0431499895791214	0.036379416486861334	0.025095125483024325
34	KRAS-2B	0.02387789615637722	0.029666669091545958	0.07830145350517445	0.1213004399882439	0.037742059165039726	0.02184446471892041	0.03916887500895973	0.0356798400079245	0.2412642409070091	0.03809549468267953	0.032111437216469155	0.050359832649949296	0.11559464079623383	0.06331908215301743	0.04301922728922239	0.028654346663233028
35	COX5B-2	0.02890630437023691	0.043198330043710986	0.06182578967766275	0.09969364523224027	0.0502187792248234	0.02456405856603784	0.05708267098656775	0.053671274406964356	0.2176751436174994	0.04778063264085363	0.030840637556093647	0.041833843385802705	0.09488136776277567	0.06956142584045029	0.040347371379350835	0.03791872530892908
36	BRAF-2	0.022665466518801386	0.028351616526994156	0.08727344526959878	0.13012793943343648	0.028496958391570175	0.021885627380261334	0.04424627220903339	0.03510927593090894	0.1903813727507245	0.03514439551786826	0.03935549403871473	0.06736780519369144	0.13798146244469178	0.06116299311400597	0.0432988527679675	0.02715102251173229
37	BRCA1-1	0.028554338961068477	0.03418085620935765	0.07343953083466907	0.11380659850113081	0.03306938450758281	0.022771975962133293	0.05351832506583561	0.03292397156267746	0.21496813633697442	0.04968010190751815	0.02982568496133451	0.06314329273727289	0.1381016435568284	0.048768298190238285	0.041136084346665575	0.02211177635871335
38	RAF1-1	0.02672726357553781	0.028430501274530444	0.05243372357532352	0.11878272828993959	0.03314483611745609	0.020680427256600936	0.038900759323745905	0.03482203884636545	0.28409044903324276	0.044935857559537724	0.03086036412606137	0.057177256764525154	0.1052128271929232	0.05638263777301251	0.041591237675122884	0.025827091616074247
39	Luc-2	0.028413766508789445	0.06396646093428424	0.07518467608945965	0.11367039133449867	0.03576018973535359	0.03270487982528253	0.05767708095720944	0.052750487304551986	0.15321426337289093	0.03840074346893542	0.033830731975437234	0.04273755212054922	0.10504996860772327	0.06491619694109149	0.05677411148521615	0.04494849933872714
40	CHEK2-1	0.024375406099806946	0.03203526814821213	0.09142936936894572	0.12478224828277726	0.023687924686723986	0.023596769251709056	0.044846156846097524	0.032696900639656724	0.22059651703496436	0.0375120118704843	0.03332449208623807	0.05696124823293778	0.1442553474857807	0.045873907831652405	0.04035714749188137	0.023669284642130677
41	MYC-1	0.01888328813910292	0.016417554512650933	0.02857907017661116	0.07095044069096196	0.10131594758410323	0.012143912437106268	0.05613481197915796	0.03063098348574594	0.24387873783189634	0.07611537046480153	0.034763220244013474	0.056110100017185714	0.10679291988439404	0.11266561220527355	0.01316152469238895	0.02145650565460575
42	POLR2D-2	0.0180936819613332	0.02140933876614027	0.03206118582928122	0.06550943895833272	0.10224246860123809	0.012636288994776928	0.07194467576330453	0.03395761524076597	0.22074947784411275	0.05397684342089087	0.03356331603879423	0.061576502510368954	0.1283778526282129	0.10195593738186	0.018930402697882015	0.023014973362705873
43	CDK2-2	0.019903248246817138	0.022423006794370686	0.03787229613173848	0.08803835729951004	0.057032990923804934	0.013235914927331118	0.08165205486860502	0.03822142095412108	0.1915018450123019	0.1027426531112196	0.025673361362802318	0.07236631201456986	0.12810858971886294	0.0791804812040061	0.021613328996350135	0.02043413843358891
44	CCND1-1	0.02603634646392032	0.03359753224271191	0.07161939603332497	0.12382353011888811	0.021403869028750157	0.022695732097537485	0.03983172453776712	0.03035112452581316	0.29956132637648697	0.044225209466087344	0.030547255535648847	0.04415331320667378	0.11128306545556965	0.03801099237386743	0.041283876015258174	0.021575706521695104
45	DOT1L-1	0.02765608974686023	0.03417915401414931	0.07110950007994697	0.15091860632344037	0.027525289182907444	0.028840836052889438	0.037643768092005404	0.034507042382974064	0.19857535095901252	0.0367211020264796	0.03358707813615575	0.04811763713047935	0.13610209413312643	0.052295948957689235	0.05351897089830207	0.028701531883582265
46	RAC1-1	0.02585725436939953	0.03152228473974673	0.09115578267721877	0.12190003971206885	0.024401296657744515	0.026488469805079712	0.039608912951820216	0.035273085878015274	0.20236976647376445	0.03283666477337815	0.03513142310570727	0.058819450331681726	0.13487912694044832	0.0595462223678845	0.05359031830457957	0.02661990091146329
47	DOT1L-2	0.024453177727439313	0.030419726668310824	0.06929499842187403	0.14418150003094504	0.02491369165922529	0.023568521698694896	0.041159674398973986	0.028296354435048184	0.26219259237167825	0.04236694462620622	0.030556609495478268	0.04217700881226241	0.13517907968432338	0.039299136450239754	0.03839926381577682	0.023541719703524082
48	MCL1-2	0.02537092398152923	0.03468518991559526	0.0885700055924394	0.10297599176340978	0.0330718037114653	0.02338556034456644	0.0422365150623091	0.03638593911276138	0.2326026969707386	0.03552817828491876	0.03415348147100946	0.06071197487130819	0.12267778684189559	0.057565308854743175	0.0455988427500094	0.02447980047130021
49	CSNK1A1-1	0.025115448044875803	0.0383130055062898	0.0935912259862846	0.11836202320327556	0.026763203413114958	0.021960828950541317	0.05126438501671245	0.031151843402265216	0.1886841607818374	0.03253297167840347	0.031015117986662774	0.05232508278546572	0.16930623728473765	0.04839560354398152	0.04781764907886144	0.023401213336690114
50	TXN-1	0.024994940059037882	0.030938792215577555	0.0645695117822569	0.1188804436862748	0.024856702109932904	0.02467518552347043	0.044318990976087054	0.03494843499067466	0.2561472973590425	0.044207399142386104	0.030125078966955703	0.056841659415895716	0.11894370854316248	0.05496053166368736	0.046605831544037364	0.023985492021521265
51	ITGAV-1	0.012716801038740826	0.0212562605977706	0.08188668309106066	0.06816909885458167	0.03823938824579278	0.014047617040911675	0.052189420243458864	0.02524004013248749	0.12094802644713845	0.02296390323364776	0.02850265621503478	0.10929194253918788	0.11477558557733794	0.21418379045957198	0.04094473495016537	0.03464405133311156
52	CCNE1-1	0.027628422824557908	0.029003638833004323	0.04120040422250338	0.09988676653864041	0.04523073249876894	0.0189117747431122	0.06384730720169371	0.044157378053982656	0.24924331198267818	0.07350209480317194	0.028690935234323506	0.06134072062101972	0.1024449175560445	0.05658172239067093	0.03291671539171915	0.02541315710410849
53	Luc-1	0.02450137965130297	0.0311710737953283	0.0765907720380049	0.12337176440442782	0.02760450522816112	0.024884210452667147	0.03628599198377504	0.03315042649273432	0.22009061373423347	0.03724343934137069	0.03677506101077401	0.057427571478813465	0.12631299869828494	0.06451000696858325	0.05311048115577561	0.026969703565762847
54	XBP-1	0.02567785601371132	0.03221939433644596	0.06011130738143211	0.12564790840642825	0.033603522798672396	0.023953874614288096	0.04192524208742708	0.03200943685764323	0.29384524278240426	0.040614146325377416	0.02807831335370186	0.04843341240986963	0.10772184305873557	0.041959137460552166	0.04270356068935481	0.021495801423955917
55	SUZ12-1	0.02826891564029172	0.02910125474473214	0.056535832949012134	0.12525863153260178	0.029184792805782418	0.022713242043267277	0.04197359581489247	0.025942384153710172	0.29122790595416864	0.048295308592985337	0.029502621079922912	0.0497981981137881	0.12376947232631744	0.041508644579839576	0.03625393543605212	0.020665264232636496
56	POLR2D-1	0.01814882345831513	0.0231112575586657	0.02528365167419397	0.05396111488760622	0.1045495032371943	0.011313230534276075	0.09149426975792829	0.030846333716140702	0.20884822671985534	0.0690617025570601	0.032475501667064866	0.05901137100289641	0.13455506572356618	0.10130146023312028	0.017252820662486283	0.01878566660963017
57	BRCA1-2	0.027397650350485817	0.03553080630073342	0.06484336245309194	0.10623048019520132	0.024449557531060966	0.02270823104517305	0.0492534685795848	0.03147060403217907	0.2722187379992848	0.05026265383378983	0.0307248056336996	0.05667409026422567	0.12639577046847683	0.041209592072303826	0.03997135299093027	0.02065883624977919
58	MAPK1-2	0.021276315763392315	0.030231135278708368	0.07408197179095276	0.14049870656419383	0.025670521530947975	0.02048423219093244	0.03651716913356688	0.029838550831730187	0.2575801205990754	0.04042380033363053	0.02945020831193789	0.04420368583651421	0.14217980303618746	0.04786553930995467	0.03545153372730452	0.024246705760970103
59	SLC2A2-2	0.025464220501535663	0.025988920666160365	0.05095107981193459	0.13835193180351021	0.027526610236819567	0.02120052595615345	0.04275499196776841	0.032212487742923464	0.2809138804681557	0.052810299450464934	0.03032235952285717	0.05248482347052676	0.10387201876078908	0.05431787142248011	0.036308322992064226	0.024519655225855346
60	ERBB3-1	0.021515016063419875	0.028138457811410517	0.07354848797511476	0.11719366371983325	0.02698399281108273	0.022103307115744028	0.04002489097130014	0.03859796195669225	0.22533372156373893	0.03392749054340584	0.034156218221680676	0.06294881072438836	0.12747103696952933	0.0676821254944772	0.05432745753974962	0.026047360518432924
61	GPX4-2	0.021984420777393543	0.032484404731232444	0.09586431636535869	0.15452271930292297	0.01747434925191145	0.02627335323900584	0.041072235088436354	0.03062190562196476	0.18917109881403438	0.030960361066312253	0.038851243445078516	0.04889627499348373	0.13483861517474233	0.060416150876367765	0.04840685690572144	0.028161694346033134
62	Chr2-5	0.024376956735477052	0.029382662663694614	0.06670747939993717	0.1129792243813483	0.03388056254814963	0.021203318017340475	0.04101782403978761	0.03494600752860308	0.25574527735373676	0.039912038156921036	0.03277250285863948	0.05710686503448024	0.12084587579284053	0.058045708348339595	0.04664080547453945	0.024436891666164126
63	Chr2-6	0.024021125924904338	0.029079405828224335	0.057688149812689805	0.10957787811705544	0.03261114402095102	0.02094237601976473	0.04813532039006144	0.03197735015035049	0.2888179301499838	0.045080131582472004	0.028882202803160055	0.052579255284645465	0.12373629719983728	0.04455780371756385	0.04140736952173521	0.02090625947660062
64	YAP1-1	0.025858746484232385	0.05619197145989832	0.0723729279724121	0.12365375835603983	0.03375974729233999	0.03000309647074923	0.05448098815407076	0.051262286230016246	0.16890887943107405	0.029331304750189458	0.037396629703290246	0.04122834231267449	0.09582393674502877	0.07687311604964694	0.05450392496298706	0.04835034362535065
65	BRD4-1	0.025220160091340073	0.02727959852110452	0.0649354173410076	0.13353301575351031	0.031788562120921016	0.020802426550356818	0.06438154225623982	0.040883238827404404	0.1716717954859659	0.051973486480199386	0.03393556193004416	0.061086392183945876	0.14513815624158602	0.06323682402935003	0.03420095539514199	0.02993286679188191
66	PTK2-2	0.02696198520513476	0.03366559966985623	0.0561842694253336	0.1521648874140675	0.03974447942686729	0.024250638595337316	0.0345654303172958	0.03330604959366562	0.25499534802608315	0.055394868003529336	0.030511661558960644	0.04085721054380632	0.11322502946395269	0.043000011029911314	0.03484736213313631	0.02632516959306264
67	LacZ-3	0.02400923449693671	0.03226767977626319	0.08285733507404462	0.1297853689935043	0.02811471854972235	0.02235574258685802	0.03794396331416201	0.030641577622763285	0.2484393196272068	0.04193189092406187	0.031594103004144135	0.042921017149475056	0.13306228715175786	0.05049217998836164	0.039131782589585426	0.024451799151152077
68	EGFR-1	0.02359227326599432	0.03543134486256241	0.07496066616915904	0.1341874897604468	0.026090427124604902	0.026997808161287617	0.04445365208029962	0.033746131247498715	0.21765444815178073	0.03694596256622294	0.031626807207904756	0.04779268271878511	0.14999445460232963	0.04545180243095401	0.046560525533336734	0.024513524116832792
69	RHOA-1	0.025418102732804725	0.039437322008356424	0.07839923036185382	0.1518457735005313	0.01954863380271687	0.02498899687763561	0.03450442583765028	0.029255439707624904	0.24335411883969393	0.06047325847521139	0.030736984749843977	0.04144289304071261	0.12789152328066505	0.03628104572880141	0.031495184078495546	0.024927066977402042
70	CTNNB1-2	0.022892998893583472	0.03361278695597723	0.08341840454061134	0.1275956791211964	0.024804833850145615	0.02355024643666617	0.04079492465668959	0.02949519598338591	0.23143126413297055	0.0348057883388029	0.03225771541947495	0.05223844114028359	0.1352067728885141	0.05236181324173112	0.051219851682519114	0.024313282717448453
71	MYC-2	0.020520895033570477	0.017397494282114616	0.031887133841317604	0.09017275109615965	0.09580694543249162	0.014097471125221727	0.05249323078240258	0.03284478782716074	0.24429814456675983	0.06738442288895295	0.03505509424773734	0.061233919258685786	0.12659062916296934	0.07495126496020701	0.014564626536905234	0.02070118895734293
72	GLS-2	0.02594383449244536	0.027692294262879294	0.07001848975484547	0.1009656473863385	0.03809555406113481	0.022812996507615507	0.03818944249598521	0.03378190257752436	0.2409928516277496	0.0285107604774041	0.03761571920449357	0.06478093238609493	0.11494185575315173	0.06511154645437947	0.06431514274104085	0.026231029816918005
73	JAK3-1	0.025158613766174412	0.02788752284233201	0.06832259410306855	0.13088594060476721	0.034837042052610644	0.021968588656476898	0.04072633370737609	0.0347199755223006	0.21749536694232535	0.04583531456696422	0.0347346933405239	0.05432285506901193	0.13460876848240613	0.05894661209600785	0.042115014279089216	0.02743476396856452
74	RAC1-2	0.02410201890115456	0.02909965301263719	0.08078653579533564	0.13830289883888822	0.02857213356759429	0.02402412569430116	0.04144604384042006	0.03149210735484177	0.25167948803172746	0.0387412114261449	0.031581492390917176	0.048480383491059646	0.12047236991688526	0.044548695372654094	0.042309017777156586	0.024361824588281338
75	ARID1B-1	0.02467277498978521	0.03683886894858752	0.07404193723969262	0.14960314786550616	0.02892297753495303	0.02790553909422952	0.04288035490635459	0.03188887087898998	0.22981559826384138	0.04132015417079127	0.03095469353049179	0.039805580417978534	0.1200513525131814	0.04828613287764542	0.04562863442910939	0.02738338233886273
76	CDK4-2	0.022609469420797643	0.02752830706313509	0.07444840699871484	0.11305209146456006	0.03303740377441409	0.019971865719179152	0.04331860388497029	0.03418049975249391	0.25117052880244006	0.039586205360144115	0.03146749661635924	0.05808715330306416	0.12389707487811652	0.06121926463676436	0.04133744157097064	0.025088186753875585
77	ITGAV-2	0.011960836914088228	0.02804339666529652	0.08473028466196221	0.06122344682629666	0.03340835880189957	0.011432655183460236	0.05403243515898304	0.0264468043252646	0.13066190123517918	0.014559775212490326	0.03289121450824672	0.11432860038333724	0.09846908971535172	0.21911145223526457	0.04415048124003239	0.034549266932846136
78	EGLN1-9	0.02320577282157219	0.02341850820997887	0.04363790605161392	0.11197938614676088	0.046800856417771736	0.017506562395356803	0.03795794964877038	0.03189332167413168	0.3150252554884215	0.04440454919048504	0.02701686942339667	0.04624428162884157	0.13453024471402641	0.04392095062420398	0.03039654271030021	0.02206104285436733
79	AKT1-1	0.022694147654781	0.026903525626970494	0.07450813890565629	0.11075980256833239	0.029608520610216675	0.019119801293744472	0.043539135692851276	0.028494274753127213	0.278091361122318	0.043033936511981744	0.031622427598559	0.04749631579223594	0.13753327768266424	0.050484830760833634	0.03263938415960793	0.023471119266119778
80	SDHB-2	0.023470371377353475	0.02435249784381795	0.03532104432641455	0.11712112511775429	0.05469020112314014	0.017030829355399877	0.02984484550193585	0.029773679989170687	0.3425349420294807	0.075413557116445	0.024298004771726847	0.034640981791301755	0.11384981499172994	0.03365436144816189	0.022326000422688418	0.02167774279347865
81	BCL2L2-4	0.022750408655156623	0.03348577786557025	0.09309569782335692	0.12180611597545703	0.02479795080956545	0.02355143718431163	0.0323046909036268	0.032783080521532074	0.2047953572390475	0.03458173934944178	0.036977856651969974	0.054521585411641336	0.13737826258092198	0.072782794125428	0.04497002275992124	0.029417222143050287
82	ATF4-1	0.025024106525606406	0.02470897961151506	0.030444717005126683	0.10276894504263652	0.0574768817729409	0.01709660150319399	0.05787849403395983	0.03711892260231357	0.2842577245633362	0.044606660460227376	0.028963550987976986	0.06327636715435687	0.1065422392465632	0.054886320324247756	0.04311955128568625	0.021829937880312362
83	MAPK1-1	0.023367593757576712	0.030964777298417543	0.09038667317785068	0.13034274474501373	0.029375072162133156	0.020989588292321178	0.041750742182049876	0.0314359117023454	0.2300857188655745	0.04881410428705202	0.031145288527479893	0.050077315478232895	0.1401199589122973	0.044193653237835986	0.032246236606999636	0.024704620766820663
84	BRAF1-1	0.023652186438152714	0.027623573514390713	0.0965842224528738	0.12722616484616042	0.026108653638932052	0.02042139270069162	0.05001558357842226	0.0327044193368957	0.2034646411340417	0.03692338021360771	0.034263273145300414	0.05801495939966376	0.14224848397794412	0.05663472410047653	0.03969408483963195	0.024420256682815448
85	PRDX1-2	0.026629547684554212	0.030221766821189728	0.057927245543136836	0.1196829691114805	0.03261534389542476	0.02475595215886722	0.03786464872512611	0.03644419022145337	0.2638751885485491	0.04198156949193026	0.03453793151227087	0.05412507366868239	0.10263608874786975	0.06074950914397228	0.04947860266552258	0.026474372059968502
86	HIF1a-1	0.027056036125129527	0.049486184774414715	0.06717984775500802	0.117424650799182	0.03437612589577808	0.02750376477848057	0.05700089038448895	0.048382018085967905	0.21818481502731396	0.043261296890451155	0.030591763032946858	0.04004605575055095	0.10215385368236374	0.05596637769703356	0.042199291315206805	0.039187028005682606
87	MTOR-1	0.025236755085175106	0.02638795304619992	0.055736816989519225	0.13648547070397526	0.04228203421608806	0.023915453330294104	0.03694661526708335	0.0347645250386624	0.2775252986334628	0.03629192550437891	0.030874883701916322	0.0473970132459525	0.0983210738372615	0.05510269861463267	0.043042688306706677	0.0296887944786901
88	EGLN1-8	0.025356499928263297	0.027242091953577432	0.05647313570703865	0.10656330826631352	0.04132470464972147	0.019367449058361866	0.03650945294681547	0.034670004870160455	0.3018216195411056	0.04841426035417743	0.025410869073981296	0.04976652582659584	0.13364059045112778	0.03934648216458101	0.03244741716535766	0.021645588042822517
89	CCNE1-2	0.026539838167885483	0.03039148327900491	0.052477532188196556	0.08706612857246973	0.04703390826687241	0.020707349022406323	0.0489279748414509	0.03809970734286336	0.2765013115970567	0.048812826189890454	0.029693198340052945	0.06399079124382598	0.09971703644950075	0.059663032519924	0.04599014789270541	0.02438773408589348
90	AKT1-2	0.024042828511756896	0.02928847914260677	0.08121283080512795	0.11897640023962111	0.033207621953085374	0.020204415725717042	0.04069304348725089	0.032061785876319644	0.24361300998134225	0.0396552769520154	0.03308410787366728	0.05130091024607865	0.12462265929318535	0.05867624459063022	0.04397682606626255	0.025383559255333005
91	EGFR-2	0.02469343570634518	0.03393540301728562	0.0718800065020413	0.11986645220525044	0.027864404361229805	0.023689531472965306	0.043293529305909066	0.03349992798637053	0.2555836024722964	0.045289508542286895	0.02805508909376146	0.05081361920741121	0.13327554767564898	0.046357508291951906	0.03878437807573481	0.023118056083510512
92	BRD4-2	0.02607858934123756	0.022387929367989043	0.04146314656125931	0.11439126340589219	0.050144601015211294	0.017235755201509773	0.08366243358820681	0.04074599771044457	0.19312253033375473	0.07509525938538095	0.03238625358399301	0.05545617276739348	0.13763805786960256	0.061550436123732954	0.02450260048591026	0.02413897325848196
93	CSNK1A1-2	0.027411533794922432	0.07485259117835241	0.07224655944783559	0.12198630731272903	0.03772637489736209	0.02688855081220454	0.07111220804271084	0.051731883158598946	0.16787427600037858	0.03654602371546941	0.025503189061885062	0.030773881878145313	0.11866751561090533	0.054067197002714645	0.03613356758317905	0.04647834050260721
94	CTNNB1-1	0.025766819168197164	0.04004535410908851	0.050734676931393705	0.10288860309132107	0.036100939006937	0.02150452543711601	0.049536882364565216	0.04611379359869716	0.2682282879092297	0.04382076484321221	0.030173849325487535	0.04965676080715051	0.1021007660387056	0.05902743676500776	0.041418107038058816	0.032882433565832196
95	ERBB2-2	0.026521499115857296	0.030441753501461156	0.06783747478321746	0.10612291489382716	0.031692832051923116	0.021414055528097928	0.05206893055821256	0.03201711438839978	0.24945510141905256	0.04409589703343183	0.031105610903892782	0.05783133586001818	0.1323120507982763	0.05051623906142428	0.04439667875363767	0.022170511349269655
96	CCND1-2	0.024234198229409303	0.02616829790926976	0.05839159196655365	0.08418518691233547	0.033242867722155754	0.017311150662292017	0.04947319588791182	0.0297391366868836	0.2839489801074856	0.059996014876669286	0.029130886922680184	0.06345386357046633	0.13056457133075422	0.049646873146486775	0.04220474322406089	0.018308440844585813
97	PTK2-1	0.027045247868636282	0.035919177309582245	0.06299212006268318	0.14952387162610817	0.041319794647896396	0.02728923914421898	0.03778356379518523	0.03450212351374397	0.23466178558705328	0.05021593819616897	0.028771446404697892	0.044573481424698455	0.11709656788476101	0.0410226356662824	0.04290808158944976	0.02437492527883377
98	STAT3-2	0.026773684987257483	0.03007277704761376	0.04852039343627478	0.13358041900193662	0.035570202033131645	0.02580228651933423	0.039461810768148024	0.03569793785476489	0.25529958704914424	0.04546467671604558	0.03034477535041891	0.05293088918181418	0.10793597127685498	0.054107612442944965	0.05228551666879258	0.026151459665523156
99	TXN-2	0.02535285859712	0.031174883896816868	0.06920156974607815	0.13290946564556486	0.02586303561552182	0.025124149050622126	0.04248666386321821	0.034364136831813816	0.24210412227344041	0.039482007799729796	0.034945463367532015	0.05190183677194922	0.10794835882821725	0.055726158814063065	0.05543159978554647	0.02598368911276664
100	CDK4-3	0.024815210862670772	0.029993761427279546	0.04665483560845093	0.11960957032193102	0.03931439038734623	0.02140765815886423	0.04777010837145315	0.039248850614016416	0.2765235463838991	0.0512908658054293	0.03006463828879922	0.05626816910999717	0.09048943580635965	0.055107017907545915	0.04603782246826097	0.025404118477695813
101	GLS-1	0.026279062899512595	0.02974422075925197	0.08072103632073632	0.11915764358652173	0.027469850895610767	0.0244807795395251	0.037573519197644095	0.03470988330359453	0.22477212707951302	0.033795123203498235	0.036586915351794105	0.06108919291740877	0.11740945891528222	0.06358536504518403	0.05323506475304906	0.029390756231873205
102	GPX4-1	0.024886554827608834	0.030102376285684976	0.08925349511141947	0.11368374382610115	0.025393347136955506	0.023133559798076835	0.04693640784051143	0.03131583939596099	0.21704628986834434	0.03821907051937826	0.03541052313791652	0.05793840125686173	0.1395391951778587	0.05487276309199268	0.045816476399470146	0.026451956325859234
103	PIK3CA-2	0.02603983728464074	0.03591551727675902	0.08606616024204432	0.14089174280470512	0.022419291130563394	0.0266059083035173	0.03617278326601823	0.03282027822493236	0.25225431103105234	0.04531633826350442	0.02989350039138676	0.04316849733338303	0.11150809186639916	0.04523886588497878	0.04132293714094083	0.024365939555174375
104	SDHB-1	0.02455071624345163	0.024613965250872435	0.049318388257849025	0.10946669533642024	0.04205378009630073	0.018855855056775315	0.043970583729374395	0.03448705867930344	0.2706176365075857	0.05308134575583071	0.029940432238101684	0.053752887237635105	0.13618575978053016	0.049351164686843	0.035245786333334896	0.02450794480979188
105	ATP50-1	0.024658498312042712	0.02805799650337142	0.05126614105833031	0.11446971946100032	0.03071900106892607	0.02027698203758502	0.045328929796579834	0.031900746320651735	0.3103384243538877	0.048731405783008386	0.032249787519396514	0.053631848013598174	0.08911655032466052	0.05011984375613036	0.04534022980009435	0.023793895890735935
106	ATP50-2	0.03318461941251218	0.02920344741254472	0.03677432160575725	0.0838673399348032	0.04302766891274994	0.02152289819194275	0.057799682783504155	0.040444116535767564	0.26706158775281835	0.08171685485688096	0.030749733417338266	0.06413849886385568	0.09385304489391791	0.06016081258250194	0.03680123540439475	0.019694137438710242
107	BCL2-2	0.025783761975741174	0.03194114137703131	0.05791641180910045	0.13233856200036295	0.027758013997822194	0.023620314670180966	0.0479970567709462	0.03254395154389626	0.2744242260931407	0.045602999801614134	0.02941131815586633	0.048352262615734755	0.11681910089911812	0.040142123244543054	0.04283376475594067	0.022514990288959185
108	KRAS-2A	0.02706941243530289	0.029593890475883605	0.045706223466599874	0.11976137083876205	0.0581221516625939	0.01797426818260493	0.04763779459664372	0.03578174725382331	0.27991027168810406	0.06986641030397932	0.027308035972237524	0.041880295814616865	0.10805730414278986	0.043979137161869665	0.023175008142358313	0.024176677861830684
109	CDK2-1	0.024644700525878752	0.025529344946734683	0.04935812283657712	0.11648189675003492	0.04578337342183023	0.01878327780579617	0.06303702812033546	0.04006972288026865	0.21940450140909493	0.08487307176158884	0.027981718973148408	0.057681011307847675	0.12342789845926315	0.04963023116027661	0.03132768853956654	0.02198641110175758
110	XBP-2	0.025989952179829155	0.041783219208904265	0.05249687566993435	0.12124350118899616	0.034584533778659964	0.02599205447498972	0.038002545847172164	0.03579631489732668	0.2744351652013735	0.03927913815827457	0.031385829959771704	0.049192247613605994	0.11234621541203708	0.04462599313436846	0.047491939852897166	0.02535447342185916
111	ERBB2-1	0.026019533475952775	0.02935424474033212	0.07167409909687972	0.12931937142035893	0.02752899122388443	0.024771675839583163	0.04365552888882157	0.035991174065592615	0.21278175650302894	0.038428539846978485	0.03517679954481917	0.05652503105567134	0.1371264285399255	0.057610172936708955	0.0480374161961861	0.02599923662527607
112	KIF11-1	0.016974675901632867	0.024211995749163825	0.0289951338752181	0.039319210509802686	0.08790940269189786	0.012696698562126386	0.09023549082501654	0.028237625365509878	0.22915510285095497	0.04127276130677053	0.029558436189517465	0.09519267156549478	0.10202741703104048	0.1360039798728475	0.01807000111259718	0.02013939659040926
113	KRAS-1	0.021692184734365155	0.024637682668609946	0.07484424410040531	0.13433002136704225	0.03845427088268189	0.016187373183876166	0.034129151589421695	0.03065096969541674	0.2753883725218011	0.05268963081236339	0.02628407841255041	0.04729524351510985	0.11930815700668053	0.05418219503996657	0.025424809006206608	0.024501615463502747
114	MTOR-2	0.023778843618017107	0.02954932243339889	0.04630799325984744	0.13865202476822078	0.03578949384518786	0.023796372364783273	0.03676917600344466	0.03004373688801611	0.3130106960611433	0.05049623018907976	0.025401576420691036	0.036470129521477705	0.11245872735225892	0.03885922439804722	0.03363608229031771	0.02498037058606883
115	KIF11-2	0.017901379751422607	0.017357576673818008	0.018965046623144275	0.03667894776133501	0.088387880263113	0.008543910321436076	0.05707202470542755	0.02756528199854413	0.36476948038912577	0.07606492870076773	0.03176037677970454	0.06106137893826689	0.06400713359848346	0.10153791866878932	0.013736439801771081	0.014590295024850633
116	SUZ12-2	0.02663805161029417	0.02424839988110505	0.03533817439011551	0.11029523827655394	0.03780267103593729	0.01766289036551238	0.05644739026240909	0.02907213418834429	0.3109127549841261	0.0650886123308146	0.026442119822444134	0.052512115477408534	0.11668489786945867	0.041938596686827215	0.030054442043523394	0.01886151077512544
117	ERBB3-2	0.024018567797165255	0.026921915738264843	0.06078018734680429	0.10367784586742909	0.03524342618031858	0.020265634973457427	0.04498373754083307	0.032139933931601375	0.2880548568221917	0.04710174393530047	0.031395381848768666	0.054149810210654334	0.11251776198047082	0.052416811863140365	0.0430452567003185	0.02328712726328211
118	SLC2A1-1	0.02293468986450633	0.025719735725703585	0.057995607137779584	0.1475249694621468	0.02857583323227678	0.020849200089418082	0.046095363208259674	0.030541673844759254	0.2719068681782323	0.044753032670151405	0.030448450256268352	0.05094386952420736	0.1104860496573417	0.04981568256065879	0.0392122067504556	0.022196767837833493
