	reagent	Anaphase	Apoptosis	Artefact	Binuclear	Elongated	Folded	Grape	Hole	Interphase	Large	Metaphase	MetaphaseAlignment	Polylobed	Prometaphase	SmallIrregular	UndefinedCondensed
0	ARID1B-2	0.025456899315407944	0.03259034881190379	0.05590481103766869	0.1529318783135724	0.034037443035224144	0.02458307703173284	0.035945431676310195	0.04025041621883333	0.23668565820990817	0.034363126737667865	0.03012374329759388	0.0566313283710807	0.09837945535419719	0.05929544602445541	0.05409972541387806	0.028721211150565498
1	no reagent	0.025075956129142093	0.0351943551389258	0.0698859329266046	0.12439794367269014	0.030957608199463072	0.024152431721045538	0.04204129457913174	0.037189191147885846	0.2332775512823757	0.04167708927346827	0.03201465671861754	0.051788466464244315	0.12268086412182327	0.054767825802977274	0.04712930045152888	0.027769532370075442
2	HIF1a-2	0.026637126684232026	0.04904036548748188	0.06931074155455327	0.10526981455685798	0.03509931822869148	0.02665689770528893	0.05745819526261996	0.047970517318165005	0.19786317283518357	0.036129400411794035	0.031998382009050794	0.04726538084234808	0.10266259215492055	0.07637521015021095	0.0495903217122492	0.04067256308635283
3	COX5B-1	0.023671627006952356	0.03131496703482598	0.05927868701178947	0.13300611962216685	0.028100451471396337	0.022553744683407612	0.04617345775616097	0.03271315779327391	0.27870828263112557	0.0399491808538476	0.026700826090310593	0.04177713154308335	0.138344724012351	0.038121075167482164	0.037214669442632804	0.022371897879194393
4	PSMA1-1	0.018245095914215997	0.022727871840434424	0.041447459565193925	0.07765505895950293	0.08393875069284604	0.014804906445762591	0.057625576059964996	0.04319567973456789	0.24496951053259353	0.05930523806800623	0.03046721856400008	0.06630458403018777	0.09958548074644342	0.08884589063069721	0.025438680193773846	0.02544299802180777
5	LacZ-2	0.025531710229346697	0.03274857935706765	0.06962422805739325	0.14342337389563092	0.032135153937434276	0.024963909068718964	0.04037538406225052	0.03618103479484253	0.2147920282917119	0.03856648362522998	0.03372220979717763	0.05105559455944557	0.11751702168006041	0.05852443967903435	0.053008804611707816	0.02783004435294847
6	Chr2-3	0.02621612525104497	0.027971625121124735	0.05100839440231665	0.10456034049453658	0.04594095302092923	0.020303230948031253	0.04676706263954887	0.04002716538458564	0.25270721706632787	0.04375720639994014	0.032553851418545776	0.06273031314658004	0.11474212957409695	0.059790487032725895	0.04695083826448912	0.023973059835177446
7	SMARCB1-1	0.02885134155832544	0.02394716459138484	0.03449005470904814	0.10401507378689459	0.061329844752570056	0.01608162394706449	0.06202896552785002	0.03809627925015159	0.21672903795374932	0.08789785644568386	0.029164097966975354	0.041674001002451576	0.15834368219285544	0.052293638224374196	0.021351112113950195	0.023706225976670575
8	CDK4-1	0.02298381716732009	0.027707201400763094	0.06401257629293361	0.10188054846534639	0.04040862580219955	0.0180692451123595	0.04309361794085296	0.034110416069991746	0.24704924632247338	0.04563318817923837	0.03114277845513863	0.05834941503300463	0.13996224054464218	0.05713416162749206	0.045377668944692175	0.023085252641551715
9	PSMA1-2	0.017007151239006726	0.023050941160101084	0.041286146465094674	0.06377214775204962	0.08725169742178225	0.01311022726142593	0.06686633562749748	0.04074044941086435	0.23187227197173865	0.06824645404356937	0.029859480267486766	0.06828609303404407	0.10456524623816617	0.09982773253534336	0.0205113604279031	0.023746265143927112
10	RHOA-2	0.02509685906756041	0.03858989925214012	0.061466034439321415	0.12956240556529924	0.020739543863484863	0.02202286515014872	0.04299548776603503	0.025996598635241775	0.30801060033740124	0.059426814750463464	0.022243393326563426	0.0335792955793691	0.1395179238089687	0.025507008594296336	0.024100393341549974	0.021144876522155978
11	BCL2-1	0.02443110263080501	0.03134257847291409	0.061468752955195244	0.14178108196174577	0.025344762321245502	0.023493835492605756	0.04222790445914573	0.030662070842148052	0.2644626018499779	0.04765340133199077	0.029320392375114017	0.04591740320654943	0.13239486126947977	0.03772290597360856	0.03910930859897472	0.02266703625849951
12	YAP1-2	0.02708221164316731	0.033166573656324395	0.06266610952974161	0.13929591866754523	0.032357223677793985	0.02496727964670917	0.03216898991433129	0.03857784237042944	0.22097108766581067	0.038011081514910304	0.033871811609697204	0.05704927488131439	0.10392731797213792	0.05578178351414547	0.07176729089241347	0.02833820284352798
13	ORC4-2	0.02475700516471229	0.029337083736563976	0.06354132041476114	0.12539254084660828	0.028881490953807838	0.02183338101985538	0.04046799986691751	0.03419799720908459	0.2643587464158438	0.040135051119909365	0.029929355460132392	0.05243090722497252	0.1286620022525306	0.04772730912138786	0.04554902923099175	0.02279877996192225
14	RAF1-2	0.024839182704279608	0.032804004253397	0.0560352127256368	0.1285052488389152	0.03398265200637353	0.022148210239788163	0.041586663253209616	0.03484033030430318	0.26670042300899716	0.048428967484112524	0.026945983958308595	0.05209870863654449	0.1285394850157198	0.040891780502535564	0.040287958987347466	0.02136518808053136
15	SMARCB1-2	0.022711030907308846	0.025516485553417623	0.05221984979161788	0.12556878373620317	0.05027454160507595	0.022075905133492914	0.0609156994174578	0.037108054829915256	0.24553090767402397	0.04137876468144875	0.027105897186888987	0.044934079157633665	0.15249399775937295	0.03557980798730236	0.03528061115377148	0.02130558342506907
16	Chr2-4	0.02429097329786088	0.03316654686113067	0.06864309756039609	0.13203413510429882	0.029999260010185946	0.024362818609542394	0.039678692008816116	0.035730448155541224	0.24176080983126896	0.03869628173837899	0.031924884555075424	0.05059610413919604	0.12158086006620202	0.05073477958304557	0.050737447629840095	0.026062860849219396
17	AURKB-2	0.02754003841424915	0.027975533488718306	0.040252152089133963	0.1154880775196697	0.03906735800993327	0.020291748986372128	0.056240076743604275	0.03276279562714668	0.2710162225389569	0.04822938702812662	0.02898175904585299	0.04543337811494067	0.14555670625134956	0.04429064652425922	0.03538197206233654	0.02149214755534988
18	Chr2-2	0.024977299830311977	0.028570604077145113	0.0679282033579319	0.11606573029447839	0.03286516955251012	0.020072854745694563	0.04104690292810619	0.03339682913825234	0.256770218729262	0.043376060308357764	0.03042544917849468	0.05560427934621084	0.12960731243865986	0.05191875629618841	0.04455440128773074	0.02281992849066536
19	EZH2-1	0.027588772720861812	0.038544196506193375	0.05899519041293371	0.1541126567727116	0.026353763529677086	0.027951248111841808	0.033148248879128935	0.029194688152622557	0.2780699115325039	0.04156982247380457	0.030559592091562598	0.040539486418369436	0.10894228032059046	0.03725281911129295	0.042801045960052325	0.02437627700585303
20	PIK3CA-1	0.024694756810168746	0.027663221706982533	0.04941128352764021	0.12323228257197368	0.032818708435900484	0.018605098641673767	0.042798695659705156	0.02776240957901973	0.31338449534142276	0.05172359353853644	0.02564294571364543	0.04727281305756496	0.12483032108183248	0.03903047363795711	0.03261739970006173	0.018511500995915735
21	BCL2L2-2	0.02470215429348159	0.034974277025540686	0.07229702262588256	0.13123600457383233	0.029080875721935132	0.023840246848329014	0.04406380641213977	0.03554856348113923	0.234092658847469	0.035283855369498844	0.03150263932067097	0.05245463991965755	0.10959222711152931	0.05973729195735431	0.05345533256373795	0.028138403927801633
22	CHEK2-2	0.025477013731921586	0.029900640758237743	0.07331390671254323	0.1260029950413364	0.03491283322033473	0.022408155193373747	0.03920096789348518	0.038979655051015145	0.2208813914289534	0.03281513563294068	0.03495287512219807	0.062123371138072765	0.11517502526756379	0.06543446683459449	0.048872310310299365	0.029549256663129696
23	MCL1-5	0.02498358930804857	0.03693695067960645	0.08109284775643989	0.11048945971332683	0.036901464944583386	0.021646991421496682	0.04417641528959235	0.03824538715713356	0.21385183866805416	0.044788352749755476	0.0323681864440849	0.04924962535320649	0.12903143295921485	0.059235747401826605	0.04809485812438301	0.02890685202924639
24	PPIB-2	0.02633976016908389	0.033173267043778994	0.05542253350528206	0.11469270606413318	0.04416220063539913	0.02278367414461959	0.049075500128187885	0.042983053238221575	0.22583496351726934	0.046867040620955626	0.030437382685481983	0.05349205228577332	0.13463408012708977	0.05127399746418378	0.042179128895672414	0.0266486594748683
25	PPIB-1	0.024963072741417264	0.03752256314249565	0.06934728180477234	0.12430708046826172	0.029799230398347636	0.026124896645915077	0.04175093160350629	0.03807951946888818	0.2261007626501872	0.0394325180536844	0.033571438447942546	0.051326351838072146	0.12382237369713939	0.05359916059314679	0.05119486857103314	0.029057949875189976
26	JAK3-2	0.025233431826639487	0.02892842468760481	0.06644486932613981	0.11958859272686227	0.037053877992556494	0.02087129145150089	0.04708538976538165	0.03367474418934296	0.24723724063365948	0.047589777945237846	0.029761771785555894	0.04923465602527418	0.146279611652469	0.04207856164416639	0.03586354225824397	0.023074216089364257
27	BCL2L2-1	0.02804240504156051	0.036820006348370654	0.0758624908048076	0.10557198933602016	0.03795144049096768	0.02029411381498184	0.04090842014654127	0.03167435619738571	0.26059265279725996	0.045482174270090985	0.029185140341250495	0.06052159604642482	0.10733014565032578	0.05329123913280977	0.04418939301600997	0.022282436565192666
28	STAT3-1	0.02529657469609798	0.026724580828983307	0.062126314896322546	0.1219693651286866	0.02722485578100132	0.021774870049798924	0.035312214222735144	0.030764311973537132	0.3117886858498147	0.0477768195547234	0.028992930626665372	0.05298617419538766	0.11243795687182544	0.03772443399283126	0.036201669173644854	0.02089824215794301
29	PRDX1-1	0.025444422597324705	0.032358573375683757	0.058217998081825005	0.10694798922762623	0.034176944188699904	0.021363797087876973	0.041089712891415414	0.03275775128658956	0.2851433884419491	0.04504979796508886	0.029550690229618946	0.05281055041283447	0.12318627043433873	0.041710015867968527	0.04867492334118113	0.021517174569977805
30	ORC4-1	0.02636220428555665	0.03727106446611041	0.07329514174102551	0.11657865144474187	0.03319835450259403	0.024575709123384647	0.04566025600188533	0.04166555586821892	0.22151354765638465	0.03932781799030996	0.031937056123975696	0.055441305819770734	0.12102447853875209	0.05361983877068352	0.050190835256812574	0.028338182409792956
31	Chr2-1	0.024282576217847962	0.039244869437684654	0.06812148002263714	0.11370666005879035	0.03700722223111507	0.021534649205288824	0.04574372358721392	0.04102649117853334	0.2551685284020627	0.04261680057420642	0.027895206711205173	0.05092917836823964	0.11111312198376379	0.054828095664529695	0.03850861901486576	0.02827277734201512
32	ATF4-2	0.022844767365543715	0.03060056615530366	0.05528893063226155	0.12163185460612477	0.03270960545600256	0.022356471914080123	0.03927877593431094	0.03203211450881137	0.29477081254607185	0.04139552019603923	0.02761603130318078	0.04887687263285711	0.1286500133922296	0.0387847121785593	0.042211384426009226	0.020951566752614458
33	EZH2-2	0.02611899442888497	0.030750692907335394	0.056196136262603294	0.14932028976031037	0.029097741595465056	0.022138046812887256	0.03497864084219444	0.03447273063324356	0.26265554478006115	0.04839724385445855	0.02899293121800655	0.05301061439414774	0.11512058130285092	0.04605006097161766	0.03693286931648636	0.025766880919448218
34	KRAS-2B	0.02373179624336316	0.03358220280298071	0.0824353325107949	0.12035258826831426	0.023623135707875	0.02215043720895332	0.04097757200498896	0.03222994378918728	0.2560280870581192	0.03574596772550172	0.0324665308992697	0.051964848362606036	0.12432951092013761	0.056431532635367224	0.03933009555353693	0.024620418309004487
35	COX5B-2	0.03144545714177438	0.033055705228073724	0.05566067083260819	0.10899711806607541	0.04741937080101475	0.021752885724139404	0.0509888112218108	0.04490660614697609	0.22050381657597676	0.05331298567400552	0.033610320265358685	0.05613025706324503	0.10892773908889979	0.05990644350961912	0.043499577148621474	0.02988223551179998
36	BRAF-2	0.024887735175699022	0.03790163079381156	0.0802622141167443	0.13563209126833303	0.026818917365341026	0.024229741297159258	0.043458478423226234	0.04043536294473333	0.1979076860320457	0.04036074989055116	0.028684127862301907	0.050296370607946034	0.1420755820046246	0.05232233166166869	0.0438640639100934	0.030862916645721026
37	BRCA1-1	0.02757966465527306	0.035608320012436155	0.06635798598852187	0.11379256784839198	0.0330050991172048	0.024690019330849404	0.051424890191172266	0.03654727541948751	0.20589475316519235	0.04045816951674755	0.033408510079373566	0.056126482553769855	0.15409676203745207	0.04850152004161154	0.047902747703546716	0.024605232338968993
38	RAF1-1	0.022569693125914416	0.028650970776329412	0.06319182594968357	0.12312440219300667	0.03184763400955174	0.01930001425229118	0.03945259987385287	0.03328941563105206	0.27524541029470295	0.04049975044643448	0.02839917370048159	0.05736597520124505	0.12023455749556623	0.05246983154539237	0.041684346384160686	0.022674399120334806
39	Luc-2	0.024772128135499557	0.06505818893932135	0.08507790364936092	0.11092935940986302	0.024106691753436958	0.02771045302786662	0.052396433201956964	0.044132908294274596	0.19034368188668477	0.035612652918283576	0.03148075030236113	0.04433677828662279	0.10508268066627761	0.061166285870820424	0.046637804908631425	0.05115529874873829
40	CHEK2-1	0.02390865422213206	0.03134145180246057	0.07542695083053429	0.12640968113422416	0.03817196344356882	0.02254600779168313	0.03156448995448187	0.03760383259103319	0.2397099064595881	0.03585315684981381	0.03232701660189567	0.05159702222227514	0.12134364832572397	0.057396377130456464	0.04805161356489068	0.02674822707523763
41	MYC-1	0.017813222175165542	0.014691286105626564	0.029309802832625288	0.08772031311754837	0.09087861813533812	0.012373728493124203	0.04732401644778076	0.02777295436755778	0.24166938203619345	0.08664660559124465	0.033983274709747345	0.06316051158263396	0.10717701946365825	0.10015032647888401	0.017474061393132848	0.021854877069739025
42	POLR2D-2	0.0189020760468121	0.021120648902972303	0.030113517367692196	0.06290444395619772	0.10663187709151908	0.012060830308592247	0.0797823678468344	0.03261490805931713	0.18381395175031567	0.06217347313388697	0.03321020008017161	0.05969543319915984	0.15395612727779273	0.10603596068119632	0.016628348833344225	0.020355835464197686
43	CDK2-2	0.02093483642537741	0.022335300557621937	0.029552928757970567	0.08227667927438598	0.06145127815334102	0.011531555594729886	0.0922856078127782	0.03791250494254369	0.18666662993788807	0.1142075909136528	0.027036551890763403	0.04690886641126553	0.1548575436699343	0.07488199886497157	0.01793536955816995	0.019224757234605806
44	CCND1-1	0.024303073955796534	0.027492290134536957	0.07299903377046126	0.12162738497157158	0.02787894241840389	0.02051842306006008	0.03943879002656377	0.03377635482827283	0.2527433882053318	0.045781908926149965	0.030232950745451036	0.05639351693187856	0.13269453825573635	0.04942766980447724	0.04252331128094016	0.022168422684367448
45	DOT1L-1	0.026480248478589822	0.03543537108680048	0.07616806912143473	0.12619798587093708	0.02576205698879872	0.025670239445026142	0.035403658810124694	0.03364277837787483	0.2494648812445246	0.03933770982267011	0.03247946021971467	0.050898180052308485	0.1213242783417675	0.04558137964927909	0.05080223804824094	0.025351464441908934
46	RAC1-1	0.024485264727960705	0.034050699184836906	0.08858108851107971	0.13696392218568218	0.020471002525740013	0.025042535458321594	0.04124598537030667	0.03399648836536247	0.2216621760886254	0.0369866807753863	0.0326783328727775	0.05262118542691152	0.13459629423735658	0.04584015774083574	0.04659215106173763	0.02418603546707906
47	DOT1L-2	0.023213539188963454	0.02608543085791092	0.07774794806378062	0.12366395512835039	0.02413563092380132	0.020472005362002353	0.04001558163915484	0.02616461685419356	0.27252119936838454	0.04689402614246262	0.029478007750751805	0.042603390759649605	0.1538311761343087	0.03732095246135854	0.035636685926120716	0.020215853438806386
48	MCL1-2	0.02467736780752375	0.029685299362910183	0.06829909394878209	0.09863573987637252	0.03670816620351147	0.018288395689944906	0.04403720430482556	0.036089617649958786	0.25962682191078523	0.046645692152778084	0.028776637324426087	0.05968649802816525	0.12678081494611007	0.056447154055386965	0.04324673306708353	0.02236876367143483
49	CSNK1A1-1	0.022177280587206805	0.0343135455972324	0.0816503603641436	0.12297885398362372	0.02705613512427363	0.02093395177913683	0.04763159921719961	0.03523710948819804	0.18559564605730322	0.03384716562675245	0.030038387676827323	0.05681262258988649	0.17483241345535477	0.056679034523196795	0.04574318963079917	0.024472704298865586
50	TXN-1	0.02490052753528659	0.03164459759908734	0.061771956876866055	0.12261895760181458	0.026772176162269037	0.024173999310969783	0.04184210445452744	0.036435249028552615	0.26317207205188625	0.046555319860070915	0.029845340914212006	0.05542977440443171	0.1270925071934169	0.04242063961950912	0.04320859556516332	0.02211618182193527
51	ITGAV-1	0.013203167576185199	0.02043286934286124	0.0731089563833431	0.07536872553797337	0.03802017085641427	0.012274314724027804	0.05007091787754185	0.0251739776008434	0.14173005639142736	0.0195270531019627	0.030238627254707575	0.10895579886536473	0.11142331570831729	0.21032824332708752	0.03690873013228331	0.03323507531965962
52	CCNE1-1	0.02562345127813222	0.028416103664032327	0.0532075200984021	0.10615139077728161	0.039443786082577405	0.020890175761003372	0.057687889165533454	0.04257895937695479	0.24426807701032924	0.06442653736107143	0.029444501589726724	0.057169412854357594	0.10884575746267068	0.05671670373172077	0.03912315878797624	0.026006574998229327
53	Luc-1	0.024530286601279257	0.03231312976165915	0.07123919509983055	0.12725118888528766	0.028051302061524595	0.024820138891816976	0.03838148280249227	0.03275850435174361	0.2506802243140004	0.03832071083659702	0.03279653429213386	0.05360813112937715	0.12153357469243097	0.04898165338687487	0.04995561734258593	0.024778325550366104
54	XBP-1	0.022773864223355915	0.028220770192227657	0.06304772755363466	0.11618268916443202	0.032526029013130404	0.019599947084016005	0.03985017129354568	0.028100814652112272	0.30303892268181476	0.04574248178290907	0.028752096890939674	0.05277215703082301	0.12798154804809497	0.037664834870015235	0.03458282315879781	0.019163122360150758
55	SUZ12-1	0.025818929704805427	0.02615830035034166	0.05453982123469561	0.12364762680147012	0.028849068328764344	0.019866427124050564	0.04100770784608742	0.02700792653880637	0.29455442554853967	0.056241727611293535	0.02868348314973102	0.04548079948147639	0.1361397607190978	0.03849332422969918	0.032870785317818736	0.020639886013321722
56	POLR2D-1	0.017455083808826734	0.019480415806819293	0.023142384716171766	0.050077053175816566	0.08143685537390417	0.00920060634872118	0.10014993951377199	0.03216061280922991	0.2057436206310478	0.08045177275110883	0.02989940811587501	0.05152620009260513	0.17707851659294477	0.09435211794594231	0.011519795784338425	0.016325616532875804
57	BRCA1-2	0.02555804673060144	0.029968318706277065	0.06454938125793389	0.10208789834746164	0.03264598330736964	0.020720429477802258	0.043125564523428084	0.035241294430255914	0.2592172660429343	0.04580047047664291	0.029420057228552694	0.06248927979641126	0.14421986213233004	0.04266342817797591	0.04232055983105859	0.019972159532964755
58	MAPK1-2	0.022226892419261634	0.02728080681361657	0.07433614780028257	0.1424908219530619	0.03886259068959743	0.019982851505776358	0.03676704117300643	0.03535292441031715	0.22342087510528796	0.048209518472966735	0.02799574505851191	0.05240852808841695	0.1425828977093351	0.0480879207329376	0.035032937444520386	0.024961500623103792
59	SLC2A2-2	0.02415651448983944	0.028320913204260816	0.06899267357761782	0.13292482022646301	0.02510047717242266	0.02372875977463842	0.039913164228984783	0.033284409268426005	0.25489592521669224	0.04272997738397448	0.03130659369320413	0.055521741859407996	0.1302005054840365	0.04002882446748888	0.04667638001180529	0.022218319940738786
60	ERBB3-1	0.022497994285237733	0.031182927018961703	0.08539927579924296	0.12021992822289086	0.023330501459513417	0.021268369534820007	0.04361113122843524	0.033860830405794816	0.23991726321602067	0.04198178022049089	0.029515518688034023	0.05406966768310983	0.13869219638447208	0.04944403447813187	0.04250740518250982	0.02250117619233481
61	GPX4-2	0.02392011067131778	0.031550620561292514	0.07802013570768306	0.13055653210184637	0.02461275144272223	0.025036872558001175	0.03792924466680243	0.034723382067643825	0.24237178384534053	0.038117140665858244	0.031783339988564085	0.05125681689942604	0.1295333649549848	0.04873928476891865	0.047351967090304994	0.024496652009294007
62	Chr2-5	0.026225877185703787	0.03021896663639903	0.05917006949811712	0.10810000004255611	0.03854001567168445	0.02180346501927024	0.04415655839873167	0.037176645521461174	0.2663333479704245	0.044007049840435096	0.029767466533559155	0.05704044936746892	0.12003445391930274	0.04940236763104653	0.044718997891477444	0.023304268872361436
63	Chr2-6	0.024309670418641502	0.029917203567918407	0.05339391828284287	0.11683529976876099	0.03517469924907363	0.02158088163170774	0.04178063192579707	0.037082379231986415	0.2877897877336682	0.04244751825553671	0.028513572286384233	0.053829910720188834	0.11529704309171504	0.048759789580553554	0.04040077611039221	0.02288691814483264
64	YAP1-1	0.026065665809490438	0.02946266454257103	0.06151092418405273	0.12192299396317093	0.029593888218937863	0.020814001108387624	0.044853064801083996	0.03154699658658329	0.27567056091941616	0.04247711382700507	0.030704222738231427	0.053977886899953996	0.11702810146241846	0.04865003269774941	0.043462812251603505	0.022259069989344817
65	BRD4-1	0.02648932257762684	0.026895088798547743	0.06740382609640469	0.12644825724519768	0.02525012907813484	0.020011759683432523	0.04781444698688803	0.03674117751265016	0.21748405527605724	0.05572923470307765	0.027756383464791215	0.05425970860780366	0.1666574988843155	0.0429650057946783	0.03598584448946313	0.02210826080093023
66	PTK2-2	0.0245445552647196	0.034227495755887384	0.06864814586357966	0.17109008793138447	0.03564692501406746	0.028606208750193634	0.035533756697177836	0.03548471124175744	0.1996255730667132	0.052201787928218286	0.031964360037952035	0.038997355874418674	0.13035442444333092	0.04670734750432674	0.03825789792519349	0.028109366701078015
67	LacZ-3	0.02491717756669475	0.030743511469121236	0.07723604572516087	0.12378494572072214	0.030872089134754314	0.02134612751677583	0.03817258096252071	0.03290334179735038	0.24951116096425996	0.044328894247117445	0.030196746606373278	0.04714816428091511	0.13559470167987045	0.04886566745106572	0.040768403323343284	0.023610441553954396
68	EGFR-1	0.025061823623133597	0.034924287327438464	0.07905609106330204	0.1449718030322088	0.02503373937072921	0.030256546142776748	0.03674332303336837	0.03756312042397619	0.19181315683627054	0.031100270476150053	0.03575401941930956	0.048902755985970506	0.13256469734198112	0.05429424754061062	0.06363249720076727	0.028327621182006314
69	RHOA-1	0.026014130292022177	0.03535374013545008	0.06271874820596768	0.14392333480767863	0.02630038922589236	0.02300813124505984	0.04016074451189645	0.025955853979964166	0.27444324834479283	0.057013700223836866	0.026053382322703156	0.04200114542550449	0.14077269230106665	0.029293999609840554	0.025344833381868267	0.021641925986455885
70	CTNNB1-2	0.023877897458622704	0.03269076094514169	0.07790595674845469	0.11236779552104606	0.022815682852431022	0.02262680899561089	0.043510093204357544	0.034074027321284985	0.2642589339789166	0.03926616122070086	0.03289598078539386	0.05727856832657721	0.11441478568878465	0.050741503699150814	0.04598356674874566	0.0252914765047802
71	MYC-2	0.023786523563125724	0.017879218112187092	0.029229436832196188	0.0766043443434532	0.09078380164090734	0.01156651927373128	0.04898368806637281	0.03335087328508056	0.2599735158962731	0.08071292298087053	0.030761280515570345	0.04710045680523549	0.13046160669479934	0.08086615764690183	0.018444829935416768	0.019494824407878857
72	GLS-2	0.023630950978112297	0.02931197424152847	0.07243862011165136	0.10500899923626618	0.03381919085832906	0.020866469927372334	0.03581678955822452	0.03075320395707091	0.29532617842759945	0.04176439904891233	0.030413997242145607	0.053157191619505474	0.11753827779438517	0.045440769815296794	0.04459897651112238	0.020114010672477037
73	JAK3-1	0.024046904452595868	0.03049777911758907	0.07311937972369016	0.12031819797190832	0.03263643005466534	0.022528337860791166	0.055371360448597785	0.037687128124553326	0.1919269559130504	0.041105957812879595	0.033392703708388684	0.05110302585628806	0.16144869084018923	0.052205842269280066	0.0473826904122195	0.02522861543331253
74	RAC1-2	0.025396249755497976	0.030745722958194638	0.06580148228307282	0.1332763015058597	0.02725479433772793	0.025072938685749276	0.037348667466009566	0.031888090031039	0.26455963325548226	0.036911317526736535	0.03199723435049262	0.04380677729781581	0.12666233830967363	0.04645090690991939	0.046786344366499255	0.026041200960230246
75	ARID1B-1	0.026496311132427657	0.03541295327463565	0.05676154353760224	0.11859485618698705	0.03482990952493455	0.023867321267283814	0.04777124904702736	0.035207693219018836	0.254037890348146	0.040621594072914144	0.02968328273106203	0.051256387962785636	0.13078690502167753	0.04149887580239298	0.04995607693416243	0.023217149936942103
76	CDK4-2	0.023436900889314705	0.02857814558622748	0.07737520132773078	0.1122188168183961	0.03290322930666972	0.018939004666664996	0.04840991851683563	0.03598238239374101	0.20947645614076216	0.04168647966551116	0.03259452160432437	0.06098767965973178	0.1455777707472573	0.06278800395235586	0.04451112097080714	0.024534367753669736
77	ITGAV-2	0.010508564195059175	0.02451194408376482	0.08457947566103403	0.05615591215668305	0.028478270255799694	0.011747257309342122	0.05831031443194597	0.022004216052938036	0.10580116285807545	0.01814303322527341	0.032394915257042266	0.11582739496242964	0.1264079208591316	0.22973424720217941	0.040405740941655444	0.034989630547646054
78	EGLN1-9	0.02502784241182868	0.030994351026274448	0.049943322472889275	0.1111679505720709	0.047967310422225864	0.020270318058523574	0.04482694870747721	0.039918706445156424	0.2606234777592055	0.04129149375676622	0.02931733937620555	0.05650501615369176	0.12514021946021056	0.05266241878153206	0.04087078657842806	0.02347249801751352
79	AKT1-1	0.025013746732465418	0.0328040600955868	0.06109215276048464	0.1325136218701658	0.03784273628868142	0.022870378549443224	0.03753483153883488	0.03145080481688876	0.2710774183091463	0.04474356292950035	0.02671445821949063	0.046314659713468945	0.12414393062150984	0.046793203125834404	0.0334664197906527	0.025624014637845305
80	SDHB-2	0.025652872781049954	0.02337376559002823	0.033909010381266244	0.11169977504064708	0.047004256152313545	0.016303427477698033	0.03559390751659523	0.032659348842960095	0.3294468069877993	0.07109918045709822	0.024667277820467345	0.04066850197342901	0.11891570765286368	0.04220859009214756	0.02573150188615259	0.021066069347484447
81	BCL2L2-4	0.02468340129313337	0.033754952978704206	0.08454665409561465	0.10809839639134042	0.030696223230663698	0.019937645731567706	0.03510118337188288	0.03638664086342688	0.23973889124462383	0.04287891349846987	0.03243953992792825	0.05972258873492192	0.12209490655731732	0.06185521949095223	0.04290689469179326	0.025157947897659565
82	ATF4-1	0.024716927759010715	0.023686812840285544	0.03642565631416471	0.10086648484224697	0.06275001783071563	0.01774981208069319	0.05552617365655656	0.03847822944664929	0.2644967698136681	0.05185752362997081	0.029250541050867412	0.0566657724580504	0.13709943166310767	0.04363166713476374	0.0378810498341523	0.018917129645096335
83	MAPK1-1	0.022647746601828105	0.030807055205469072	0.06872647455684215	0.11666113061166546	0.03249037854696686	0.019314033886045422	0.04780807658832188	0.029992947536824553	0.25676271304262605	0.04452756585758735	0.02641295258779751	0.04381755716250385	0.16420578045854523	0.04210914108293336	0.03224095984140823	0.02147548643263494
84	BRAF1-1	0.023131021000144334	0.027688465552242945	0.0809371422781592	0.12261395723989023	0.028899697863008857	0.01941600888227275	0.04200821859631983	0.03311982776644515	0.24482670104469614	0.04052359515613265	0.03090697956036766	0.053160921112715566	0.13781723776732036	0.053030734696717874	0.03568272725000504	0.026236764233561895
85	PRDX1-2	0.02337242035446166	0.026611223434673408	0.05792237797683766	0.1202455259501013	0.036596044508378514	0.020610781808678383	0.041716818474504404	0.03452025339894652	0.2853947609756794	0.048707801011770795	0.03121217465823932	0.054970949878529664	0.11456862328787176	0.04202417229538998	0.04071011511439157	0.02081595687154532
86	HIF1a-1	0.027373524481269246	0.04285349847237705	0.06947912121266332	0.13069734088144846	0.03617854516996677	0.025903535212937534	0.04883092662625831	0.04784283230170832	0.20077555553412005	0.040335656817700176	0.03202531726530435	0.0392538456531528	0.10440939331179563	0.06343243360515169	0.05097405211718406	0.03963442133696267
87	MTOR-1	0.02644642578745437	0.03173572148281866	0.05856573467736831	0.12314351474279381	0.048193818946267716	0.023912227839787824	0.03774479771336834	0.03373425721041903	0.27042301651186795	0.04920856630970971	0.02655871708955138	0.0443416115996562	0.12185274310933351	0.04336645072591124	0.03705884159572896	0.023713554657963647
88	EGLN1-8	0.025049514947147036	0.03161234947651346	0.06029879182620421	0.12347290059243536	0.036805113993049476	0.02074181026886638	0.04412792457024416	0.03214151444248667	0.28887681112855207	0.04756619472047584	0.025533277441355844	0.041054162582086225	0.12522239934756946	0.04044506734813985	0.033271872295426615	0.023780295019446663
89	CCNE1-2	0.02566690656647284	0.030535425576723677	0.057699639962858276	0.10655527430652642	0.03878876669589308	0.02055588735280308	0.04617531822263472	0.039084552263302534	0.24624145948241433	0.05052572061061831	0.03201451696491279	0.061478985249247456	0.10914220667455296	0.059277120493937005	0.05148848871112536	0.02476973086597595
90	AKT1-2	0.022452653506353046	0.029060446842203148	0.07211165561479044	0.14438879926220607	0.029882691610335178	0.02156346744479059	0.03383805214082045	0.030249265051344083	0.2580362500439899	0.04127974830862577	0.028269924641998265	0.040409346255860776	0.14255652890837114	0.047713648088860965	0.033928163856167357	0.024259358423282848
91	EGFR-2	0.023818216034216386	0.030868279667177666	0.06598200434228502	0.11670414363301454	0.03204844643432729	0.020651896189498954	0.04360401011503474	0.03361896564289849	0.24686803661755308	0.05457120850620595	0.027872065868001113	0.048974986816833044	0.1552043012606616	0.03548290040123713	0.042964003722308915	0.02076653474874606
92	BRD4-2	0.026429042550347507	0.024055859166253097	0.05745548696860744	0.11150828334660122	0.0375775127700972	0.015139246547635982	0.0748810670873022	0.03909813925588457	0.18598146138941488	0.07282740860826248	0.02862499674796704	0.05465761083215543	0.1644624111699466	0.05761319061214004	0.025189114631169542	0.024499168316215132
93	CSNK1A1-2	0.025159518581877142	0.04178798383713577	0.05956091518164029	0.12319398565985624	0.04126183538151788	0.02396620958883568	0.052300269528761725	0.043432471498401175	0.2030402481569298	0.03502709124036055	0.027944932110256775	0.04201643214470735	0.14414549413542194	0.05828901614681981	0.046007424723570646	0.03286617208390791
94	CTNNB1-1	0.02862361331671012	0.05478333581665228	0.06313280840515134	0.09788653020938652	0.045272677353307096	0.02635023210073111	0.06603693160796138	0.06200961023654757	0.16888548848304322	0.03543068921726758	0.03324307437165009	0.045945321539076156	0.08457724064733704	0.0847243723856054	0.05321167706818766	0.049886397241385896
95	ERBB2-2	0.026128697688314214	0.02662841365361202	0.05188037762746501	0.12060961364948766	0.033849173844224395	0.020175081334133278	0.04940824214568402	0.032477139744882574	0.26206508101967785	0.05348441661959676	0.030501532941414628	0.064038005151496	0.1160095596269306	0.051429375716989814	0.03824223066241373	0.023073058573677408
96	CCND1-2	0.02564994420724273	0.035193185418145034	0.05841133806906365	0.11608530014342186	0.028761068118112534	0.022551861266843526	0.049379587199361814	0.03260090494793574	0.24199612905367895	0.04727353203581103	0.02789669941126449	0.05942215755457258	0.14462260432067758	0.04294225381369805	0.04656651736259723	0.020646917077572775
97	PTK2-1	0.0241270074969471	0.03438898627030932	0.06011014556603695	0.15359141003781066	0.03258439273824598	0.025517185902385203	0.03399431339072397	0.03227116579459506	0.24823825252200038	0.054767366296189335	0.02717231104714066	0.03796849925357439	0.145731497162213	0.03249921302048493	0.034211309491591714	0.02282694400975235
98	STAT3-2	0.025088440891614612	0.030159373536153753	0.05034741840948001	0.1378550441691819	0.025047014098177375	0.02304394329053414	0.043609109460577146	0.03205918265782873	0.2715270005672267	0.04453294449501515	0.029674821588076175	0.05003521442620738	0.12914245867967322	0.0417463923139268	0.042693736961767835	0.023437904454558334
99	TXN-2	0.02519894436944447	0.027578109462240253	0.05791829411870936	0.12567764649246674	0.034160104684253595	0.023142037354376033	0.040120036431179534	0.043521244871364585	0.24039327273461042	0.040320393853973464	0.03339202711802667	0.06462102797139195	0.10026634776798968	0.06106984450326757	0.0573906226522424	0.02523004561446331
100	CDK4-3	0.02721637317510486	0.027401330336810747	0.05137648758684021	0.12786395538211043	0.048143086583194425	0.02261905507221452	0.046923305462335786	0.0389534289112192	0.2345519012901201	0.043911244961490146	0.03237515215766593	0.05356402989702074	0.10746582294996182	0.06220551395431606	0.04921022921528621	0.02621908306430926
101	GLS-1	0.024743328277223652	0.030342170082725786	0.08074826928706097	0.12615637390322446	0.027235572611031992	0.02401738580154638	0.03554292022033948	0.03062852626728468	0.258981211816145	0.04046283634702868	0.032650123862371774	0.043743521693983295	0.12804516587970932	0.04050725267719762	0.05323303264952175	0.022962308623606386
102	GPX4-1	0.02385426601303346	0.03306146315016761	0.0747579915400976	0.13012008581074344	0.022815106135451995	0.025159400008560873	0.03787360295460338	0.034093851382749354	0.21975737018522654	0.04124289651446296	0.03413114377824668	0.049305993005953466	0.14662598076212532	0.050470912866682635	0.05069383848853857	0.02603609740335544
103	PIK3CA-2	0.027181982008375773	0.032834012820652014	0.06585236428463902	0.12212850515475672	0.02381320297613865	0.020420162556025582	0.04362139712211459	0.029838144010041066	0.280703146916612	0.0545207929251366	0.029201015509730262	0.04851011975552585	0.12643921070880382	0.041166197621669086	0.031023689636175238	0.022746055993602743
104	SDHB-1	0.024771258191855165	0.026771666645449256	0.05467321662646372	0.11755619329188895	0.049101339338254404	0.02002466585014965	0.04605761339416152	0.03615221956151154	0.24821306181063116	0.05600499399947429	0.030642323850791322	0.053959510618426465	0.12327378941508996	0.05291061602588163	0.036939164996562676	0.02294836638340808
105	ATP50-1	0.02591432652117136	0.02985333165185729	0.05158783096542582	0.1256843853364365	0.02883892404613028	0.02016597785915072	0.04412990229222787	0.03038360106341824	0.3040001556983636	0.05506243033587431	0.027746115055830817	0.046588327186181645	0.11088592386806863	0.04126220338404399	0.03737244760613702	0.020524117129681576
106	ATP50-2	0.02534835584383	0.02298365690206953	0.038142260770539387	0.09711298823129343	0.04794839542438976	0.016395288341373257	0.04594624757946907	0.035148541338878736	0.30219013446727067	0.05973115413162525	0.02942541728705778	0.06074981019092958	0.11428986284189406	0.051780366797723826	0.03320178408943365	0.019605735762221653
107	BCL2-2	0.02620992600182663	0.029345446375024026	0.05510276854728743	0.11810810069521481	0.03562081688332537	0.022124239710416896	0.040418276207725236	0.031721027318911535	0.2832554916517453	0.04830664110494827	0.03177080857777923	0.0520324219105488	0.12302097894254962	0.04067773721327336	0.04033313443797916	0.021952184421444847
108	KRAS-2A	0.026710698374005568	0.030933275895684474	0.046969151545903774	0.13527455123324666	0.058998943155199164	0.018624214621075733	0.042316553235705025	0.03846240148336797	0.25374807171364727	0.06363735655863517	0.027350266563427175	0.04554740278428473	0.10476593089875455	0.05430587758847674	0.02587263462112948	0.02648266972745734
109	CDK2-1	0.023305309085441917	0.02597145423588629	0.06336922035512421	0.11447314888972088	0.039848710204343794	0.01717413577794027	0.06464312255003382	0.04176092698640308	0.18301516893451644	0.07486961496128819	0.030348025024254828	0.06277090162725082	0.14441680669030316	0.05519975950175073	0.036697977667580275	0.02213571750816172
110	XBP-2	0.024831344435133105	0.03078927089173643	0.06779657688598706	0.12438284681505853	0.028164291357461912	0.023101841389746552	0.03728784152639431	0.03179561648279683	0.27096240814570477	0.03764580431992573	0.03117522143484914	0.051211951431868366	0.13186872307737574	0.04256004834292349	0.045723690040640246	0.02070252342239787
111	ERBB2-1	0.02637964263452227	0.03533836969933142	0.07082889324926632	0.12399663670632012	0.024229727950986338	0.025101750399534054	0.04731940365809898	0.03422734151627354	0.22915165662443263	0.04175301513980529	0.03268527255396444	0.05200155803991808	0.12899037718323214	0.04779331292689339	0.054447876968093806	0.02575516474932822
112	KIF11-1	0.02381511225135659	0.022160068858415642	0.022186732745049124	0.04713877704640985	0.06336504743107249	0.00905867907018882	0.07945259831109958	0.03200412732801873	0.28589109073069136	0.04451059242156255	0.029814259066532702	0.07610711172744838	0.08957210032412778	0.14350349089232897	0.014368037850907426	0.017052173944789698
113	KRAS-1	0.0224440824081005	0.027870619206003863	0.06630382905985148	0.13434170034956047	0.04059939774778546	0.016107395028610166	0.04171385572629843	0.034254726380084026	0.25594672549148006	0.05574334755050701	0.02582931662475852	0.041049933918569356	0.13961803888443666	0.049054877592298506	0.024621506826655787	0.024500647205000073
114	MTOR-2	0.023121606977702956	0.028174685750235125	0.06082018920381685	0.14816157276375216	0.0362542720316414	0.020449164350600374	0.036463212106121606	0.027061649971455472	0.3231561924932261	0.04516415624004183	0.027177720709053582	0.03651263762576977	0.10229330903272008	0.03705670052558002	0.027517703467944018	0.020615226750338354
115	KIF11-2	0.016851974361256496	0.023104043266797852	0.022894885059684258	0.031013908488041152	0.07165327484342243	0.007674316138136183	0.09555207060594932	0.03628039982068285	0.30608750103661464	0.05315448605518618	0.026623711090887965	0.04905987935501251	0.11365778854052255	0.1207931435980551	0.010627144337067391	0.014971473402682959
116	SUZ12-2	0.026508615803184775	0.022938241528529496	0.0394988464665376	0.1055115772207748	0.035163923094495224	0.018694926840430788	0.051113884335684354	0.030024307246680933	0.2906218073722902	0.05452634538942913	0.027386030686913948	0.05629231372887919	0.1442388882376635	0.04093033250081672	0.03887134626210754	0.017678613285581773
117	ERBB3-2	0.02380559004598876	0.034239667178181596	0.07546064021755709	0.12458269972763936	0.02689556347252155	0.025892600922298368	0.04282202946395497	0.04245195958928343	0.18969772443161234	0.03569654826318839	0.032744079407280906	0.059961624516048743	0.12076968620140234	0.06795666626782354	0.0684330701194795	0.028589850175738278
