	reagent	Anaphase	Apoptosis	Artefact	Binuclear	Elongated	Folded	Grape	Hole	Interphase	Large	Metaphase	MetaphaseAlignment	Polylobed	Prometaphase	SmallIrregular	UndefinedCondensed
0	ARID1B-2	0.02085145753426662	0.025947899693182022	0.07194634753846434	0.1757239308299942	0.02208350907274239	0.026118639133787546	0.032865747123701834	0.026359627774011716	0.14536509780169157	0.024120745025066097	0.03176687460589834	0.04138644483151944	0.11992264664606016	0.07711187475550996	0.12853126526825923	0.02989789236584486
1	no reagent	0.02562440679437023	0.03149487302088214	0.0555853155683256	0.16358874003651833	0.02964484027580246	0.022510279191900517	0.03899652521300858	0.03909766388336531	0.23246142554269517	0.035727294562202076	0.035183392428065986	0.043937966530763053	0.10644765723155458	0.05522032224829522	0.05779414082699897	0.026685156645246202
2	HIF1a-2	0.028938626037738203	0.04028851261368438	0.06491021103696885	0.14024741055064224	0.03192561865705681	0.030066842803775595	0.049410442848040116	0.03890244911062806	0.1833667242938203	0.04229268206606755	0.038332983882031844	0.04721442034537816	0.09958440162682468	0.06338571239327559	0.06878513350321554	0.03234782823085206
3	COX5B-1	0.028134190498147475	0.027586065841704387	0.052556012993675225	0.1498231660242473	0.031296751345169786	0.021455498043210355	0.03733647842591702	0.0379923150843324	0.26351519845496035	0.031366593039404304	0.033648350219571396	0.043242561590620135	0.1049803753312619	0.06129972210297921	0.051648047141959835	0.024118673862838315
4	PSMA1-1	0.020345031781526492	0.039407758979996946	0.0887427733483618	0.11916142227669291	0.03899379295959899	0.017542975770462297	0.03064632954804513	0.032513590095240075	0.20814483698807115	0.022999373357599183	0.03243429030256409	0.05892338352102401	0.10556965364757336	0.10477538100859088	0.04818861862181979	0.031610787792832766
5	LacZ-2	0.023246602373846275	0.028774093159529977	0.06137937441002326	0.1677125915557784	0.02488258817181831	0.020220822590026	0.03657664749077014	0.03754015952118838	0.23265116418661683	0.030059875602056495	0.03721330125565624	0.045637387625923724	0.11664086900287844	0.056930441003605836	0.05572336570521942	0.024810716345061438
6	Chr2-3	0.027181750290879093	0.027845587501163838	0.05464680726204258	0.14986725611331117	0.03334656578414957	0.02045380632793193	0.03698012172056955	0.03591539489864959	0.23999483928691337	0.035044142067125895	0.03628625737305525	0.04901533485520208	0.12072530570370092	0.05965896828148618	0.04887591682541345	0.02416194570840537
7	SMARCB1-1	0.022530895049917034	0.027286649307873726	0.039440293841020956	0.15788596705017902	0.02613093408378831	0.01361941117594958	0.03738481153531497	0.03617161115710288	0.2959075701064787	0.04615409255193495	0.031130874521158505	0.03856701476321987	0.1261368974722614	0.05321474762006676	0.0242663020646924	0.024171927699039874
8	CDK4-1	0.0319758992566385	0.02658527632501214	0.036236506156776524	0.07659366055700696	0.04119895768372064	0.013047428564611824	0.04549938921196278	0.04910446616291832	0.25714105422928873	0.13323663326023788	0.034173460948016154	0.041786832105051075	0.08860813339686108	0.07764594622402057	0.01837971990066692	0.028786636017209533
9	PSMA1-2	0.018521514035327192	0.05359564412416697	0.08814298475677734	0.1088999486002909	0.04701799375326734	0.01870477759102356	0.03194127958689283	0.02994611056422074	0.18260024294042868	0.021106869721357398	0.03334561782700206	0.06205568860934217	0.09795643969470051	0.12787321732856002	0.03746808495855113	0.04082358590809051
10	RHOA-2	0.027939180308891625	0.026771142545541485	0.05426807045415465	0.10359810083326446	0.02376347165823956	0.02247503836493959	0.03338183375229004	0.04430175616395405	0.24273208238211916	0.02038289871550425	0.03625597853102365	0.05332085514286458	0.08682967025260159	0.10033407159776184	0.09676830421295746	0.026877545083892108
11	BCL2-1	0.023174726446936515	0.0244850174734343	0.07174414682296697	0.17346087514776778	0.023266260263228665	0.02969981103434646	0.036953460068326026	0.028162113978685472	0.16571139850638267	0.02239316526633544	0.03166595503577706	0.0354663569308474	0.1245197960388134	0.06177684824999521	0.12179654854323607	0.025723520192920752
12	YAP1-2	0.03481117814470655	0.023699111546342164	0.025556184073509437	0.08799583150532216	0.04052763091637076	0.01329593914863866	0.02278479173670991	0.06082796227735785	0.31388725387285754	0.05587655335953321	0.04474324912490001	0.06047103236432469	0.0570482486958205	0.11359350276984105	0.023850061360870416	0.021031469102894485
13	ORC4-2	0.0245139307831322	0.027789541414138856	0.057758966381733834	0.16840776410412459	0.029678933362908142	0.02298130742881574	0.03631387185314187	0.032804545410620195	0.22987782566365994	0.03494206365108055	0.03335364727559701	0.041162258769942964	0.11885308193574463	0.05353582542598495	0.06410252765033253	0.023923908889041733
14	RAF1-2	0.025366686344823055	0.02808781841823609	0.05587770332171043	0.1646965965990503	0.0320521898197925	0.024496863615271185	0.03977998773639939	0.03732651049619214	0.24589139210817829	0.037910378502121804	0.032583551347176345	0.034729485305633426	0.09940872721481868	0.055497727932258024	0.058679370070144614	0.027615011168193725
15	SMARCB1-2	0.01983103132049135	0.025855957772986948	0.07170528711027628	0.2012724527025484	0.023000638455950854	0.021933146990276126	0.036793814730847633	0.029329790373635152	0.1920900132605898	0.02205776711290735	0.027867749134614202	0.03231405175786328	0.14229511039378923	0.05892516089595498	0.06714041948321317	0.027587608504055377
16	Chr2-4	0.02409599261966128	0.02850196417251832	0.057662708912883685	0.1631448570688026	0.031217015999689117	0.021008429845362442	0.03650409614906717	0.034091637277366034	0.23100670797321	0.03843701591092127	0.03516077734136056	0.04365260404848609	0.12075580927424232	0.05965108753268092	0.05034483155594685	0.02476446431779964
17	AURKB-2	0.022642024753893774	0.02393462443415241	0.05321302683895098	0.17099884991790332	0.024654189829446938	0.020365756904127317	0.033192065280569984	0.028415717555663942	0.19127624082333508	0.037104996970904094	0.0355865021735175	0.04332783204267157	0.17625468320084844	0.051152431830963914	0.06460566143434235	0.02327539600870745
18	Chr2-2	0.027016591244138487	0.029061508719742526	0.04536596351548604	0.14713587089102872	0.034895758012920344	0.02016563417849949	0.03988657226994199	0.04130509969707447	0.2572711530737148	0.040162500673089324	0.03527681226127166	0.043671862746162575	0.11132852210060867	0.058215711700512394	0.044299362869832326	0.024941076045974668
19	EZH2-1	0.023911084725225715	0.026647915578238427	0.046909572130308504	0.1874122092367236	0.03312572623517085	0.017056116180325962	0.03314949398278232	0.02878410198580531	0.27931033479180456	0.04881464331087542	0.03491820106070602	0.034532586386936626	0.10424467910726243	0.05224502559732029	0.02732841247762652	0.021609897212886735
20	PIK3CA-1	0.02230774656858511	0.023263942058310005	0.0840095298780537	0.1464439221891497	0.021737382944702444	0.02526755056918483	0.03282772587019645	0.025836747030137375	0.13184014853750858	0.02171812717408077	0.03815375004271472	0.04404827925749934	0.13197396828121136	0.07176371009316986	0.15088243856367242	0.0279250309418226
21	BCL2L2-2	0.02277770863661606	0.027012793184876396	0.057329054021192295	0.18823223790813234	0.026924192297630427	0.02400261678886904	0.034994407065245765	0.031184317799424995	0.23955272940511887	0.02813167857291597	0.03316831642203875	0.03930312431129467	0.1063658526134127	0.04984651994249219	0.06669964541899412	0.024474805611746565
22	CHEK2-2	0.02270635129015743	0.028475859840088436	0.057329732643597135	0.17212560322454604	0.026102659665591305	0.02005702514223738	0.03376271227091237	0.03453258706729413	0.23182619250113912	0.026588561480990754	0.03526322465530802	0.04590619308866742	0.1292926038421319	0.05545618579480407	0.05486333189541856	0.025711175597115637
23	MCL1-5	0.027683410237168714	0.02890388364917937	0.0573316396572683	0.14155865329577802	0.032259576717531276	0.01963062412574198	0.03227780238764077	0.03981500886492096	0.23292397658388272	0.0372688021999496	0.03977389177690944	0.04837760337541358	0.10361847041498826	0.0717571286595802	0.05350763230518769	0.033311895748858726
24	PPIB-2	0.026198235620978914	0.031737409348772096	0.05457776534074085	0.15144315713884565	0.03645092026262534	0.017322486644724015	0.0475062293962188	0.041618016771248094	0.22867792546684174	0.05111569845155478	0.032517234213057945	0.03996291871612976	0.13679461975163598	0.04973813792621002	0.027702177051506776	0.026637067898909985
25	PPIB-1	0.024443904842381698	0.025123986456088286	0.0549283812491757	0.17624744674610038	0.02658827667072772	0.019282752274298175	0.03648447862197341	0.03602502689915945	0.23821488049563785	0.028748603353132313	0.03627853656147027	0.04328404573915751	0.1289890043890019	0.05112281401564211	0.05121062653164658	0.023027235154406807
26	JAK3-2	0.03253241285406317	0.043941249959873585	0.07391463143714237	0.13834577616914714	0.03751145406535592	0.02585268204021884	0.06892941427003263	0.053135149356158304	0.13215567756028151	0.04320589685552746	0.03094801721344108	0.03826283067682464	0.0865454305612601	0.06678475192249743	0.08927705553552744	0.03865756952264891
27	BCL2L2-1	0.02594601265126293	0.029058708732847067	0.06757210926274196	0.13876492343205968	0.028107159539313135	0.024123987188391476	0.03582703156210316	0.03793111039047507	0.19715173758191298	0.025344841845969832	0.037610271669359006	0.05423006185369559	0.1079400941584283	0.08679714886993696	0.07131517907627519	0.03227962218522791
28	STAT3-1	0.023830086938846046	0.02536407275802938	0.06796444062024841	0.1790380454966064	0.025248084143187823	0.02681573802057422	0.030446536784902157	0.029458107625795642	0.1826130444004034	0.02568607993383315	0.034370543727445496	0.03665029426332651	0.12229638380149221	0.06676262613529907	0.09518655864544337	0.028269356704566286
29	PRDX1-1	0.02343537238793355	0.025437111543768664	0.05266473629496828	0.18838086296848308	0.028239536183693178	0.02368918007987534	0.03827123924487798	0.031230759021618686	0.2267194538419532	0.029579254860106204	0.03522101086719954	0.04221885881728673	0.1303220038958826	0.04268945238786284	0.0598565097414122	0.02204465786307746
30	ORC4-1	0.026329659748870728	0.033136967116465646	0.054480685268825595	0.15687926975050379	0.031253817594128694	0.02036302857395881	0.04415922490522682	0.0453576676098662	0.2330097875086398	0.035313630669092454	0.0355236045991456	0.03997850013969876	0.109489012573711	0.05940423471417304	0.04860776876334616	0.026713140464345888
31	Chr2-1	0.027192382035637452	0.0340085718257669	0.06190269923152944	0.13734297140363255	0.043380517140079906	0.02102738845794718	0.04113307293644353	0.043984825335914544	0.22321047818145526	0.03610489666971323	0.036788833199317555	0.047096160028517894	0.09276909181645124	0.07489132634380477	0.04905274105923068	0.03011404433455947
32	ATF4-2	0.021535679428688996	0.025231888085439157	0.09854901189896217	0.15346192805335904	0.023003092768424393	0.02889060234604567	0.030945165493552848	0.027240809393079365	0.10769727977153945	0.01437725366089807	0.039756163650814386	0.045404383969444156	0.11828548570657754	0.09859500161285863	0.12901601655035047	0.03801023760996592
33	EZH2-2	0.022526869099476484	0.026162177913368136	0.04445593777434751	0.17203689961804988	0.03421795836746371	0.018110905535183547	0.031656829281779715	0.03188198043457449	0.29759837127871813	0.046534864307650095	0.029930025837460964	0.03667123596999793	0.10957275805648446	0.04667302174088414	0.031056949214623295	0.020913215569937287
34	KRAS-2B	0.019934291474643182	0.022073483425604543	0.07718584308272723	0.1787335022800984	0.016871733610098253	0.03154243936077208	0.033564767900538195	0.023433888452735283	0.13748360648675537	0.01987785467672291	0.03755930078605583	0.04177904533612265	0.13982092822273484	0.05573754491344828	0.13850707187252503	0.025894698118417037
35	COX5B-2	0.03175715002442955	0.050315086466655556	0.06105811571915579	0.12995908113529944	0.04317066189719723	0.031077536931820453	0.06493155129313347	0.05828935843645741	0.14540246169198445	0.05663430026176864	0.0337063129734333	0.04090600056991773	0.09720402160674779	0.06182169498472988	0.05599090380323788	0.037775762204031435
36	BRAF-2	0.02445386730550312	0.026090337176675978	0.05365821805649923	0.2267790893334496	0.02663986154102138	0.01998639447182864	0.030562933140074664	0.02220765542346055	0.22102757781933696	0.05411416944495835	0.027412186356395793	0.02580911832442034	0.15313192969173567	0.03213306589319447	0.032572840446176546	0.023420755575267564
37	BRCA1-1	0.02446585358505319	0.02253304722529567	0.08440865546672678	0.14758535664090575	0.022364893673221756	0.028027267043720532	0.028525226433400604	0.027016322256430456	0.13110405499663974	0.016771670823104545	0.0328039962622386	0.051103816067625304	0.10901292627950468	0.0853508111750693	0.1610255092285877	0.027900592842475192
38	RAF1-1	0.026049813614004696	0.029595503054051196	0.05582084164145979	0.14150270863945968	0.03196249511749906	0.02212406652287888	0.03791890040742571	0.03846754740694589	0.26047364052272487	0.032183780818735123	0.03264549295221931	0.04461442863254974	0.09640155459428373	0.0632288384716913	0.06169957579947431	0.025310811804596572
39	Luc-2	0.029019072737744456	0.07372994679715474	0.09548736546928507	0.119357569112086	0.03367911308081893	0.034385845362853114	0.09058695900284862	0.06433352889409487	0.10113468466737952	0.05001296582334151	0.030421842619057896	0.03212515041183102	0.08614086156022464	0.05383030901750118	0.05658899757419368	0.04916578786958523
40	CHEK2-1	0.026206079690653798	0.024994365637260957	0.04485600422531301	0.15790042507042382	0.03078055790935877	0.01620123393117897	0.03781159285758779	0.03511098162952564	0.2783453206317893	0.04228636275135562	0.036530747900325414	0.04698638912954428	0.10510204858861008	0.05684314958991289	0.03704056468047595	0.023004175776683247
41	MYC-1	0.034516728559557515	0.03194341331346072	0.029993225149048727	0.06584162896324836	0.08500438307607053	0.01958729482686751	0.01616727630987121	0.06260124177770207	0.2718532365558293	0.028017275779026334	0.06261540310110454	0.052240129125038566	0.06867599748707967	0.10204960138685486	0.040075051359119526	0.02881811323012107
42	POLR2D-2	0.02912019120820351	0.03932773099256825	0.05974857334422521	0.1517275336793507	0.05602523191316069	0.01838829085483036	0.03332591274272273	0.046649540036754526	0.20571465330475242	0.041391890341092016	0.03754745199836211	0.046475179233525316	0.10718026690039346	0.0758915324643722	0.02273047496677538	0.028755546018911234
43	CDK2-2	0.02736477093126342	0.028994541485427648	0.033909415731052064	0.14997392591087952	0.04338837311939024	0.013159155811682016	0.0359240944002004	0.03870599074721757	0.24724106272547827	0.08630684856430795	0.03037222173990392	0.042105438193420386	0.12113238606213611	0.06228861176647275	0.017352830597232322	0.021780332213936215
44	CCND1-1	0.030288453715503285	0.027256618442216392	0.03388833364003028	0.10606207015081706	0.04406898948977936	0.014448897310459166	0.04792647706911068	0.04631953918182994	0.2619484818044829	0.07871083210164007	0.036008184268689854	0.047557184888523	0.10102844676195247	0.07436325244835605	0.02672594728256928	0.023398291444040133
45	DOT1L-1	0.025535473905584107	0.02405198854670766	0.07680842468806141	0.163296300677369	0.02212833653688635	0.027468826424260923	0.03377823406499476	0.026567238877044777	0.14886661954676655	0.0190882752014209	0.034983472556233415	0.046935137444625345	0.12409960710325693	0.07049107415701872	0.12953084471649792	0.026370145553269924
46	RAC1-1	0.026362446253982243	0.025575255094647018	0.07493234423777452	0.1813294009474218	0.025488555516343162	0.028746608325466712	0.0323162898347198	0.03192150935427682	0.15914419019528023	0.024303394678759385	0.033457781427643614	0.0409282646983209	0.11365126255624627	0.06617160403161519	0.10586065908658589	0.029810433760916532
47	DOT1L-2	0.028162290222658502	0.024133315301833845	0.06007110294321504	0.18532889119209667	0.02723883741734211	0.0300031278251355	0.036592664258287694	0.033803120016153876	0.16996829456143053	0.024480275982481602	0.03606799523420961	0.0427536412641469	0.11718559671204891	0.056536871050738735	0.10044523492009397	0.027228741098125966
48	MCL1-2	0.026997627745713085	0.03234465819412059	0.06530531209097487	0.1330443555817922	0.028960036272006655	0.0214325623501525	0.04143155779140393	0.03930204793373454	0.21078779244684534	0.028271253808413985	0.040515053358637	0.05899831793747273	0.11047141568624753	0.07362749180027671	0.06165793832739108	0.02685257867481709
49	CSNK1A1-1	0.028146110109448882	0.028380785332537344	0.04763586319238713	0.1694335578573124	0.03280954103559122	0.01768941692640498	0.03481799583955204	0.036589160631895774	0.2920498737504178	0.028896130699578693	0.038294199658801126	0.04409901381080529	0.09380509724828878	0.04759757392317566	0.036054169440978404	0.02370151054282409
50	TXN-1	0.020414830063922872	0.031420457340422765	0.06286950843169836	0.16781043476080013	0.030211798831158473	0.023177050475297913	0.03516962088101847	0.03404205682588508	0.22712472066036246	0.031166311843060086	0.03289520806465904	0.04425048511052326	0.10152890358406422	0.06257218328512267	0.0682023592642507	0.027144070577753306
51	ITGAV-1	0.01797325125358545	0.02727252865032936	0.16037265522336028	0.07706144895303813	0.01575650938812155	0.020176170832035555	0.0325375508279539	0.022188584890912102	0.08978703332805016	0.009209193774406247	0.03867625707611885	0.06102111482007522	0.13109206094709114	0.146606752331958	0.11718564462525431	0.033083243077710316
52	CCNE1-1	0.030994164415577362	0.030033826525193905	0.05013747321011777	0.12387859565746684	0.04464205009531689	0.022200527668943485	0.04602496942826642	0.04885175674466476	0.23610044813572673	0.04346412029139939	0.03752695266140734	0.05033983952251382	0.08672999413973774	0.07179968420874458	0.04637909523169988	0.03089650206322334
53	Luc-1	0.027379729976888832	0.029109494828952573	0.05476549010809688	0.15096612229208123	0.02944535296601805	0.02247260824158596	0.03539975901407728	0.042412962895996366	0.23852132872822854	0.034191106495069706	0.03791884294745037	0.048308538184161275	0.09096132224055405	0.0646503701353143	0.06537006842973503	0.0281269025157902
54	XBP-1	0.023985888859571407	0.02732168168160682	0.05112158847105868	0.17565525258573506	0.03338253962805706	0.019059348119566444	0.034977690430707566	0.03444680460046198	0.23591937847875036	0.03458096043640903	0.034922102667858106	0.04620132366537598	0.11527899057608401	0.06428375793719981	0.04454586039857199	0.024316831462985546
55	SUZ12-1	0.0242526116415462	0.026260001461771258	0.06640542401820701	0.159280078879463	0.0365720521326228	0.025639076363873685	0.031867308917774465	0.02924318824510042	0.1743290202643761	0.03660333937493746	0.036378167859791685	0.04378416521894576	0.12670210317241734	0.06630459130578478	0.08959779489728918	0.026781076246099173
56	POLR2D-1	0.026095526633265045	0.034281777228714935	0.05135532955136927	0.1397649994518663	0.05094014683247862	0.015331789146465347	0.031449390488349896	0.03800221623492313	0.19568415889155624	0.04308556546893262	0.03740708054108203	0.06072098898654319	0.1412085823648533	0.09121752041127497	0.017590063108101465	0.025864864660223166
57	BRCA1-2	0.026936158249702368	0.027786814920537393	0.0499673508991502	0.1355928194395659	0.026281823878946724	0.016328032171948337	0.03393797687056216	0.03175823184970808	0.2902552384727903	0.04623719139249045	0.03370473788349979	0.046698127375619146	0.11914131331489752	0.05290866490977905	0.042205709192742705	0.02025980917806094
58	MAPK1-2	0.02423989402336543	0.024455948983796095	0.03852644053653382	0.22794701829626682	0.030236896507555	0.015785083173722406	0.03738424701738982	0.025521569111761802	0.25168348485304787	0.0684081848996369	0.03115027974902559	0.03303211160738285	0.13197859740510642	0.0229803318436993	0.016025276080344944	0.020644635911366515
59	SLC2A2-2	0.024080740934742106	0.03033836416598913	0.04394927946662148	0.13641420177584487	0.03612161572907042	0.01944459749338286	0.04164355876178841	0.040645424021459056	0.3009734501261611	0.03902585793973776	0.030278543386079965	0.04337794456969416	0.06840491109679546	0.07586634531069411	0.04337553496963273	0.02605963025230692
60	ERBB3-1	0.021538780819152288	0.02749718008992467	0.08255528307336478	0.184130151290297	0.023778878819388703	0.026632962930925066	0.03764651941585191	0.027358430764712355	0.1548264049239449	0.028330057756487483	0.03353914246122607	0.03770387551058272	0.12356625887266336	0.06548278248066329	0.09730183247304242	0.028111458317774004
61	GPX4-2	0.020393362038449735	0.02289935285163703	0.11543858830685363	0.14323304990930885	0.01910911836811372	0.02368903428180678	0.024550641974655295	0.02278833149213281	0.10283679314758419	0.012450052714482305	0.036504596312091936	0.05022868126536747	0.14959940066856922	0.0998074353668405	0.12456992357707548	0.03190163772503108
62	Chr2-5	0.025155368454040997	0.028302404070783656	0.05435799717914136	0.16112014108607287	0.02999106642144072	0.022070540331489315	0.0359180470160579	0.03609562059155799	0.23987232465583042	0.03511824005624709	0.0360067041800018	0.04708206100945728	0.11410016966113558	0.05452867481412785	0.05551302029028319	0.024767620182332323
63	Chr2-6	0.0235363284801645	0.028099087515059122	0.05447853815996066	0.15595167731362888	0.030576836992099857	0.01962940960450724	0.03632153889145067	0.034742501729721036	0.24832911088571005	0.03206974561934613	0.034053461911836044	0.045092314537747924	0.1214475997240401	0.05624249393018908	0.05564137320939544	0.023787981495143287
64	YAP1-1	0.034352215669473996	0.037694318496695696	0.04120573112418646	0.07611515594145872	0.046436024420263726	0.01437978891522646	0.048032710845826256	0.06227192108409043	0.2403109335857114	0.06787492752448947	0.04610489292718084	0.05064099792975035	0.07887480199186024	0.10718422944407882	0.02321242995877406	0.025308920140932778
65	BRD4-1	0.02628993928310367	0.028148981680814204	0.0640864029076895	0.17135658010725688	0.02864029681223195	0.027894647130720346	0.041175357590294594	0.03519362764364079	0.16621150750336963	0.027456409561065414	0.03384854267679577	0.04514198051549492	0.11470302875904358	0.05894191949185426	0.10584978879421353	0.02506098954241122
66	PTK2-2	0.023792442527779022	0.024246554473795243	0.08280451455755908	0.15014066238716448	0.027868281818936722	0.026754337951011776	0.027578559403113632	0.027972890818063926	0.1471855452345024	0.019307421122538207	0.03695696526602427	0.0476410451876694	0.12015835316490067	0.08161978520223626	0.12819440857266817	0.02777823231203694
67	LacZ-3	0.025857171304688634	0.027301052981098795	0.051251878724747964	0.1601710977424701	0.031762000405801745	0.0192883245074037	0.03397508403582293	0.03992901086941023	0.2537107772357221	0.036046677390243864	0.0354909059239655	0.042675195996298924	0.11567443977468642	0.05207139924336256	0.051153814035456234	0.023641169828821276
68	EGFR-1	0.02187806723435693	0.026067412960607855	0.08293468342359195	0.1558646055574562	0.019157494974576614	0.031064610704421815	0.03500327756482645	0.023470787572214283	0.1173085423202412	0.01831255029842992	0.03918902089083688	0.04469149691702761	0.146447848429047	0.06629800243753081	0.14632492599415317	0.025986672720681347
69	RHOA-1	0.026099533366592438	0.02804403451162637	0.05640349466209714	0.10420676515862105	0.0229003489636048	0.018012134044345995	0.027897748358189686	0.04246130689462496	0.23386875706676483	0.01907219763670349	0.03637949441488233	0.05593675980882426	0.0838547159698111	0.12478271789778325	0.08766270567556371	0.03241728556996337
70	CTNNB1-2	0.022849269283721253	0.01959537620962243	0.08454845415364891	0.12105116401342228	0.01881034424634637	0.023954518047682994	0.028103832231792206	0.026012868073508333	0.12929364924054412	0.014580172486720921	0.03941304392700385	0.05254424344558716	0.14427351739909103	0.08531334876548459	0.16345660110589097	0.026199597369933002
71	MYC-2	0.033655922740859705	0.027405209455283575	0.04560652119052627	0.10271937036267415	0.07204124805410264	0.01989347117402869	0.019678422319513035	0.04947420858349903	0.2508077036293168	0.0381500421781172	0.04840891389945943	0.046188107394443685	0.08017143901770878	0.08212045160662526	0.05587318938321301	0.027805779010628546
72	GLS-2	0.02952793583646813	0.031886147440127556	0.04307536990532882	0.13720729976850893	0.05526823277358424	0.019707068296419137	0.03579032286750632	0.036911377850637285	0.2485364404118529	0.04172044501825668	0.04005839506930369	0.047220924135934754	0.11172551362746774	0.0644986580569969	0.03245366742129663	0.024412201520310175
73	JAK3-1	0.02204577963653354	0.027292109219052667	0.06876709157225819	0.17897736247990118	0.030248797236080868	0.020168951573778526	0.0358312333670465	0.030131862561296702	0.1888769497582272	0.03246147376758915	0.0344279853586172	0.04146772237633455	0.1484381108701278	0.05549389662389396	0.0583244818168323	0.02704619178242975
74	RAC1-2	0.02447269242614681	0.024913887856264614	0.052768078273182015	0.17594700646173475	0.02876579835951771	0.02079845075484052	0.03625888142125433	0.03521971544137288	0.25649134945791774	0.03206215345100678	0.034718179853615666	0.038470255611671125	0.11035002415379545	0.04990220729415774	0.05601380979415424	0.02284750938936718
75	ARID1B-1	0.02091255717051544	0.025392815572616002	0.060288597268962275	0.18329170282298227	0.024280006590105017	0.022445699589889925	0.039060129400414444	0.03208810406948138	0.2344884861494568	0.023836064048352628	0.03246989028808963	0.03967808201115786	0.11327139801261982	0.05886292009907395	0.06571805583296023	0.023915491073321353
76	CDK4-2	0.025811128899298517	0.02090486854927206	0.05937995329026965	0.11154068842088925	0.03647985037387537	0.017326988140939734	0.030927288438841193	0.0376074981301284	0.20650453022126353	0.11350084053170349	0.03914576786398596	0.04311661111573427	0.10678627956582938	0.08362839094006713	0.034642886040693995	0.03269642947720824
77	EGLN1-9	0.030232953839431465	0.029620045340345652	0.06490204631883677	0.12080219311100686	0.03450711430820959	0.020502424706588564	0.029447714922837386	0.04383194646249835	0.22383764963151118	0.017940514643701035	0.03952259773133002	0.05060161730955736	0.10164784240559842	0.08305825997667976	0.07884076976633791	0.030704309525529626
78	AKT1-1	0.02452742648154694	0.022816489263237476	0.07635660725058632	0.16233325101902174	0.022449608013361568	0.021654084512401157	0.029686775093957278	0.030919794882123236	0.15306871167638642	0.018624222356489712	0.04119366210904683	0.051016856265475675	0.12292271372942978	0.08850527279459447	0.10401951028291363	0.02990501426942837
79	SDHB-2	0.02527351243289438	0.02925455020207493	0.0382397152349732	0.1416093541380391	0.03746739783268307	0.016164307650806415	0.03145213610016417	0.04069384133532702	0.3213809787122615	0.046404597266805625	0.03609630685806849	0.03975222834193695	0.08343069209374385	0.05894847675977231	0.02718324421863728	0.026648660821811113
80	BCL2L2-4	0.02125589917986568	0.02604033655245342	0.07910823243141098	0.16637223755494285	0.018197287334863598	0.028983518341544504	0.03385744158518772	0.0253159328732795	0.1357849318255657	0.02162336532990478	0.037939518381965395	0.04418297842310445	0.1377834672747578	0.06668534514041383	0.1289975151139973	0.027871992656742554
81	ATF4-1	0.02183671119722842	0.02857350345614821	0.07051865305036799	0.18499500601336996	0.031228344899318732	0.023704534889675017	0.04042571871828598	0.028503993599589127	0.17320773487256733	0.030962421112339857	0.029149282807824396	0.0428537179732517	0.14510528199826575	0.06278144146530554	0.06076475956775923	0.025388894378702506
82	MAPK1-1	0.02397026941844025	0.027378275182302934	0.054951170055635726	0.20358713361002204	0.032694030815689855	0.018399382665947456	0.036474403784254046	0.032170878938628106	0.23179566682865438	0.047160194950290626	0.03399736183560024	0.045033769998713315	0.12296025703814072	0.037271948280183695	0.029577891234274713	0.022577365363221934
83	BRAF1-1	0.02498095285425601	0.0362836892579813	0.06448274795805929	0.20565990626115002	0.028062943072753616	0.023302296246346485	0.03039336430897861	0.024909411124612712	0.1673255476845981	0.02840597283798691	0.03780879115852649	0.04317445220694145	0.1282691319393735	0.06816442159818575	0.056600660883608274	0.03217571060664096
84	PRDX1-2	0.02505922260916816	0.030675756811453844	0.057121654548870936	0.16996749089060148	0.031125899542915364	0.0226856145364081	0.03969952042989043	0.03211057965116204	0.24195760408595174	0.03153017392794162	0.03802342186686601	0.04365542467099533	0.11165323019096841	0.046711853896262916	0.0550153891220906	0.02300716321845282
85	HIF1a-1	0.027348542680276314	0.04044993850417762	0.07514877948265583	0.15173035478001057	0.03451160935480173	0.03244873578139095	0.04617366951252284	0.04824303155743297	0.15490775963575745	0.035578740717926674	0.035842247243188595	0.040139224895834914	0.10373196362947239	0.0637933436469615	0.0724342033540207	0.037517855223569596
86	MTOR-1	0.02229672373114524	0.024442354033405087	0.07009668929936423	0.16797610584591832	0.028738153144365577	0.028192603729806923	0.030843909332267456	0.025277592526508796	0.16345937136161867	0.019933366534603383	0.03354500551817997	0.03990797288806639	0.1283779059296892	0.06688112123969676	0.1263404479019426	0.023690676983421262
87	EGLN1-8	0.026574469457271755	0.02992782832441188	0.07295226259007269	0.1489946198947696	0.03716362582922507	0.020659834910364796	0.03394763365593113	0.04224394522044751	0.21784009744483643	0.02457847154651718	0.03748367930163514	0.04521198932796065	0.10956704254661934	0.06386345187658668	0.06050492675211651	0.028486121321235024
88	CCNE1-2	0.025302869487378102	0.030822159698128012	0.045612853703914054	0.16076133269029974	0.034393210397041844	0.018083242197588972	0.03387475188040924	0.03896706290547094	0.27448567484588143	0.039218685548119726	0.034276961447373924	0.04142332706898402	0.10307198819679705	0.058118246602461884	0.0342711372697092	0.02731649606044116
89	AKT1-2	0.021964876174418346	0.020652385831397294	0.07671741128609444	0.19041612134914077	0.01743258667933015	0.024989092189571446	0.0315681316316793	0.023556292171485978	0.12613402878469834	0.020228862262209213	0.037233750331892475	0.041166745137633506	0.14689925518976807	0.06335407346500237	0.13126796152333478	0.026418425992343363
90	EGFR-2	0.027664967519446533	0.032954839494417236	0.06449312384754495	0.1433262396103264	0.032070220754014674	0.02371047596098374	0.040648659442299416	0.03597145272748748	0.2208930576430243	0.03928543605561868	0.036325523869605796	0.04321744819627447	0.1212514915854811	0.05503808204773174	0.058444230124014306	0.024704751121728916
91	BRD4-2	0.025150974367178572	0.026748375185665665	0.060963070331195246	0.17419101137768347	0.0321292822074379	0.02243717279700606	0.047132711709254003	0.04251832145073817	0.18196869352636516	0.043263004498271564	0.03708848480411577	0.04794778720114257	0.09986391941689782	0.06555080580256423	0.06615373842374699	0.02689264690073738
92	CSNK1A1-2	0.029348067704580125	0.028764110819885256	0.05967677989042601	0.14520699536515103	0.044033223223496766	0.02261573926698896	0.03472928266196506	0.041195894027453335	0.21546079051937997	0.03714436377661238	0.0391342087806362	0.04808259008982274	0.07967405120195606	0.07737478865002517	0.06576417554437	0.031794938477251164
93	CTNNB1-1	0.02709666225398579	0.030223184610802246	0.07441513500465946	0.1353166466226953	0.030141770071092793	0.02436810062114385	0.032650094065188	0.038900954613812655	0.14420143370624522	0.020665957419617444	0.03512032072461789	0.0438689351593711	0.11484982707522301	0.10293274754090663	0.11223368194035747	0.033014548570281035
94	ERBB2-2	0.026150188993206282	0.026030610679637693	0.06292416403280349	0.14723527966055697	0.031240574377987017	0.02018959517584588	0.03284489790258696	0.03579717182628756	0.22598787029062586	0.026854407692172275	0.035653127812535955	0.05384130418959797	0.12998822175399266	0.06293544841723094	0.056939122796191136	0.025388014398741804
95	CCND1-2	0.026401078023214262	0.040270426508235334	0.024013464456039642	0.05921843008587784	0.04449796368649314	0.012599759912900951	0.056369977165834244	0.028073928491037112	0.1831461526210454	0.1726126444125085	0.04209114953926308	0.039739481341131505	0.18626212253191632	0.0637363897225624	0.006221072700445211	0.01474595880149544
96	PTK2-1	0.02488531604442895	0.027070052255608927	0.0652447798563288	0.15861074078552798	0.0336242774426736	0.02205794235302035	0.03496746682666472	0.03347484545581567	0.22971560459810397	0.031906799745799824	0.03263973442692549	0.041324776943824956	0.1021488556797155	0.058927043198766196	0.07647814934903555	0.026923615037759006
97	STAT3-2	0.02475939628330234	0.032250137069706385	0.060333778166613866	0.15502283379540854	0.03892675669378556	0.025499579085388104	0.03723063396944634	0.03467996624289259	0.22908110305738405	0.03154792339603801	0.03308507929405754	0.049417781010338536	0.09391974589468431	0.06578638119537167	0.060719576483823506	0.027739328361759536
98	TXN-2	0.02252284040453415	0.02845078122746766	0.06792658649270113	0.17976630879898417	0.027784110256939467	0.02399741466335423	0.03748060912580063	0.031624603291418515	0.2048232826928419	0.029722116260695024	0.033147810734636955	0.0448739915594501	0.11255666369922826	0.05356491114276078	0.07594891007300844	0.02580905957617831
99	CDK4-3	0.025650042910073844	0.028060881541077512	0.06402673361072433	0.10259121127523574	0.04235666639745702	0.019108027699343083	0.025446219193627655	0.03232499069843544	0.18407593814174972	0.1296300798942479	0.03682423980943549	0.043547413684047256	0.08969688409646795	0.09128000130824951	0.050516598862318525	0.03486407087750943
100	GLS-1	0.02880175112582225	0.02773524731307411	0.051817764532114695	0.14304559012754162	0.03581981770072485	0.022878049324699324	0.03793352261200504	0.03634520955687428	0.2278352997612099	0.03599180943612599	0.038347642471861475	0.047100451469725566	0.12789462555616501	0.058075266002676325	0.057667013644512995	0.02271093936486684
101	GPX4-1	0.024839233853651124	0.09403675374843669	0.04309391092326621	0.04609649835062616	0.03502783144560393	0.02247395559211754	0.03205273227754739	0.023628096834669217	0.15115710978441965	0.015535113237118812	0.06298154667830072	0.0812265559747327	0.07715250652396526	0.2043806101376334	0.01463740860668805	0.07168013603122343
102	PIK3CA-2	0.024923795073677334	0.024749343764770174	0.06644747692458894	0.17082607249146084	0.024871693464839868	0.02842195916688767	0.03338373921739964	0.03132568125151534	0.17250478118771156	0.023101511021601143	0.03375923091342636	0.04043365259211926	0.11495127355081416	0.06904760106286065	0.11609021698983073	0.025161971326494517
103	SDHB-1	0.020727082009076653	0.025553388230085548	0.04959548926643004	0.1717834514043049	0.029920079683341285	0.01834181134696424	0.03312050014573991	0.036104313723520846	0.28002617979546374	0.032689921226644235	0.034727505742148425	0.0370376430573577	0.1187454707129912	0.050067342880383635	0.04008176801863255	0.021478052756915618
104	ATP50-1	0.020545704766997634	0.026237461694804377	0.0727522175297715	0.16747394148714867	0.02297222477397248	0.02737161372722896	0.03399354446537437	0.02974926231684647	0.17760490622792008	0.021967626582434528	0.03149218599324973	0.03244253278568446	0.14937542700534995	0.06151054560136833	0.09792777842751597	0.026583026614333836
105	ATP50-2	0.021669332879544	0.02549763925711448	0.09200260844517119	0.15429283013716527	0.02143897959177475	0.03479476065445026	0.036613783952348676	0.025777143013756883	0.09392081846474175	0.017981906298009737	0.03485472435220534	0.04175107209146436	0.13619922362582246	0.07782719133861841	0.15640250633024694	0.028975479567566458
106	BCL2-2	0.027157868848307048	0.02910926713052718	0.04728255446661251	0.1664674394521916	0.03159356461116379	0.020905559348181547	0.04128418342128718	0.03781178050377764	0.24509915353838752	0.035638486513261694	0.034156893079963835	0.047747681358924245	0.10400620316684889	0.05784803144661367	0.04878043638507202	0.025110896728878843
107	KRAS-2A	0.02296045847893265	0.02566640501942215	0.05108343169088146	0.15550705485699926	0.030097473169195924	0.020204631501588684	0.03393987754479511	0.037066301687466816	0.2635200414058779	0.02991024272612568	0.041477551304669145	0.05275620245018874	0.08655021745707685	0.0667661597115993	0.058475235406135084	0.0240187155890447
108	CDK2-1	0.023336546710754746	0.02913863251609106	0.04546942542717246	0.15933999453171174	0.03456790546813772	0.017440117602207372	0.03518753973870192	0.034707668470464366	0.27876172419701467	0.0549056143421188	0.030885749644824167	0.03965801153523887	0.11201303292468882	0.049698427702482444	0.03316219471916507	0.021727414469225634
109	XBP-2	0.026931551854089075	0.028405163508982152	0.05193574976938187	0.14307054487706944	0.03450852235481876	0.018830995467439854	0.0404891005340869	0.04027703801918071	0.2561220216168383	0.03760289056048436	0.03549662268562993	0.04656090116051913	0.10881924713675391	0.06026507573037	0.04492357374929502	0.025761000975062037
110	ERBB2-1	0.02102884620768127	0.026599809362660445	0.07219026551738907	0.1809208506172932	0.02402756219494712	0.02598856921791937	0.04374970836201841	0.028008356843082928	0.1869985542055577	0.02308644494119962	0.035345264539810746	0.040787860369001644	0.16215144274349946	0.04266092996623947	0.06571561773695392	0.020739917174745114
111	KIF11-1	0.021092563541908842	0.024518343526057654	0.0935972317365573	0.18498968752767297	0.031605811998636914	0.02580817500795948	0.029816366239196493	0.028585117182481558	0.17668579457303216	0.022310409338354736	0.031216343460257725	0.039976623209376685	0.09940752886129502	0.08586407294879658	0.07086912828462026	0.03365680256379555
112	KRAS-1	0.024743418958830605	0.025244729743962333	0.054649986633452476	0.15563205494770177	0.036092548901641416	0.01994316678799572	0.03912566274797304	0.04224317105405879	0.2756077597072186	0.04502196091487721	0.031199555259553934	0.04016100315167881	0.09952133038398676	0.049578782785726416	0.0359300283250792	0.02530483969626251
113	MTOR-2	0.022225810468373096	0.024679017914642824	0.05579994060188301	0.18419671124206624	0.027136042346220694	0.03351424805999359	0.029124391349415368	0.02730436931977915	0.1938742932755677	0.02300850910966652	0.029275809813729403	0.03132624897839939	0.11802152246441404	0.050479610746845524	0.1251055756580793	0.02492789865092487
114	KIF11-2	0.021889740955820015	0.025977970086733738	0.08383753587949365	0.148276507765241	0.026704895415473117	0.023479060466800216	0.030330637255417327	0.029633723872606235	0.1731200579948306	0.02228646604480411	0.033515997734224964	0.039797322107660835	0.12311456420769326	0.10805963555772397	0.07289871752072018	0.037077167134757186
115	SUZ12-2	0.02425620343416588	0.027961445702357028	0.05604853622540382	0.17380617328365366	0.04029778821869185	0.024582688730865238	0.04030396642452819	0.02981116305733278	0.2106702479572945	0.032264822663423835	0.0345653874840947	0.04352899560709903	0.12091646622005385	0.06620994714402721	0.05223803783497281	0.022538130012034495
116	ERBB3-2	0.023059430669276588	0.02431879344291784	0.06858207563605423	0.16813190412311504	0.023340982917397085	0.022307614269092432	0.03419948148688773	0.030482851173111898	0.19246594046430454	0.026096875481940403	0.03684311408259364	0.046644952221470755	0.12953648374314272	0.0611575708635319	0.08748996107706794	0.02534196834809512
117	SLC2A1-1	0.02765017687823415	0.035845911324844326	0.05318794992019558	0.09034681845679975	0.03634506063814579	0.018711865189562835	0.029899449100701248	0.042684099395197156	0.26173836480709334	0.035211168836138736	0.039489891392802116	0.05973689785514369	0.06245814744494451	0.13310759332982913	0.04013589625453652	0.03345070917583181
118	ITGAV-2	0.015472169643829721	0.030679741157366682	0.14307605539930426	0.06650038259765395	0.010493921257740388	0.01638531416844088	0.041193962240569225	0.02392483044076584	0.06562141741922115	0.006701685094167244	0.030975070534119034	0.06270575033298456	0.17408187225954058	0.16404540696060615	0.10617247748444124	0.04196994300924872
