	reagent	Anaphase	Apoptosis	Artefact	Binuclear	Elongated	Folded	Grape	Hole	Interphase	Large	Metaphase	MetaphaseAlignment	Polylobed	Prometaphase	SmallIrregular	UndefinedCondensed
0	ARID1B-2	0.024892136638430873	0.031211050674016496	0.05220262840630924	0.1404499315357644	0.028042614768589755	0.023635802687999464	0.0385459855147258	0.03158040360229887	0.28602449628445165	0.04560623504271986	0.02675101916277182	0.04676973726614312	0.1258171854407508	0.036165887269063945	0.0408498011516098	0.021455084554353947
1	no reagent	0.02441495628534861	0.033403180253140416	0.06958963777004905	0.12578079480300178	0.030978703517512227	0.023214951816461302	0.04104411825538013	0.03616695631710581	0.23327616906831836	0.03924682552012174	0.033660879580500895	0.05027572544230449	0.12926204196374524	0.05606044298323049	0.04592302091119972	0.027701595512583704
2	HIF1a-2	0.028220798654423916	0.0468119585874644	0.059567052829319476	0.1255134514745166	0.03491321948524074	0.02796742771309189	0.04398316649156225	0.05077664834495842	0.19437574500495117	0.046823323416725904	0.03316201181211785	0.0382780383659062	0.11805514972948526	0.06363262750309374	0.04728656321053217	0.04063281737661096
3	COX5B-1	0.02748833217556034	0.03740198956191186	0.0688970540993563	0.13544849202388823	0.02834785467235846	0.027504598715486092	0.03583583866705549	0.037990233569019635	0.2187569861357374	0.03714629328503566	0.03212117096942851	0.04949857684969429	0.12530134403855164	0.052294592170108914	0.058933797254832505	0.027032845811974227
4	PSMA1-1	0.017678638641807878	0.021432757444938094	0.03632623124964499	0.08045732486987384	0.08278948774162308	0.014138005099612536	0.06357655796979488	0.04094701326134034	0.2488834037446934	0.05556400819899238	0.029701913343768073	0.06835723188309063	0.09798934669931983	0.0914415773816841	0.026497309629475014	0.024219192840342352
5	LacZ-2	0.025329215216698304	0.03155269697083956	0.06097501020173725	0.1329167400993574	0.03146445944482281	0.021806602685126002	0.03474293557844308	0.032838313234425015	0.27614821997402017	0.04025078101338201	0.030347527519398863	0.05086078200883368	0.1155608250596815	0.05079603976631444	0.03912135404232091	0.025288497184598396
6	Chr2-3	0.025829579310452835	0.026799895303340742	0.048161284583954404	0.09648353666635592	0.0380304924408221	0.01934460194503115	0.04398120763888171	0.033447777136707546	0.2994189588268078	0.048234042768934164	0.029426371266443443	0.06030054394982959	0.11596141761894506	0.05283898723123677	0.042184320262778546	0.019556983049477575
7	SMARCB1-1	0.022976363791609763	0.02639315522427911	0.04225357392943678	0.12688301616124792	0.0418462009281129	0.019951263166096807	0.041791674344750104	0.03104014690535117	0.3063419114634849	0.061340004603758186	0.0267435156342323	0.04268400096995198	0.1305713083004487	0.0313257117991897	0.027588629939677735	0.020269522838372064
8	CDK4-1	0.021473911296780047	0.028395660010442515	0.061442069218487036	0.10823241323989641	0.04123614811841279	0.0177216082547275	0.04954107184362742	0.038405142298997184	0.2375497543416297	0.04142471865836817	0.03187367046778392	0.05426958180285295	0.13434149690236996	0.0676009027713156	0.04185643733030025	0.024635413444008315
9	PSMA1-2	0.01837863993630901	0.024002534637863848	0.03493447466777431	0.06067405192034738	0.09368213127867558	0.012151673196506377	0.06995734937663525	0.04236579828994497	0.2373835744850008	0.06406892739955465	0.031117504477066557	0.0691865354139622	0.0946185325903315	0.10309161321260268	0.019943996230937178	0.024442662886489303
10	RHOA-2	0.027607487695107392	0.03161428694712904	0.058594925280588454	0.12394098336610931	0.02373265006842086	0.018443994349697984	0.03528886401720165	0.025969451893614246	0.30915760431245887	0.0711863026801512	0.02376506014407225	0.03479628220936731	0.15350904697263265	0.02547051597065491	0.018941351268178433	0.017981192824615366
11	BCL2-1	0.026471963691649142	0.031736684235063733	0.05844732713490481	0.12919096099008365	0.03147890803893555	0.022864743274581923	0.0333254229518499	0.033983559029458515	0.26821974442717195	0.0385037085974014	0.03223152612658766	0.05304829042701876	0.10913613525534421	0.05398528919790738	0.05190316055017067	0.025472576071871013
12	YAP1-2	0.025004230975729257	0.03131585239935892	0.06845506126111316	0.12532599433065414	0.0314152830439425	0.02154778402110268	0.036647247234739104	0.02851287869060873	0.2797387263754205	0.047011155083391	0.03182199858438865	0.048220398349822044	0.11533398962413567	0.04605324441769884	0.040846824960297415	0.022749330647597068
13	ORC4-2	0.0246360553182698	0.029577838389073463	0.05659237225644194	0.11876016868855446	0.034183164525399615	0.021280513147674995	0.04179717932471358	0.032728672777251194	0.282609125930039	0.039118151007115	0.029148801807900554	0.05257113229923971	0.12283265485254877	0.04642744551360429	0.046305142246881634	0.021431581915293957
14	RAF1-2	0.023740864907155042	0.029362109262223667	0.05876237137755398	0.13050294739962978	0.028016229095381363	0.02247396233179497	0.04299575530264502	0.03109716811109044	0.28735977669957335	0.04043677237926044	0.02693647869313688	0.046230109630982	0.12783416493788688	0.041936415379870175	0.040113254585466045	0.022201619906350514
15	SMARCB1-2	0.023664207785431483	0.027343852407003925	0.06450147770020091	0.154894960784924	0.03659091257573742	0.024421808308060913	0.0424806077631856	0.03613425116853725	0.20577843290711537	0.029642877761680692	0.03575258965947491	0.050111983186525134	0.1374223335457086	0.06135860029730158	0.04043212741471888	0.029468976734391833
16	Chr2-4	0.02493304536267207	0.034354838366506275	0.07071071135938745	0.13508978983020306	0.028119144863561495	0.025661986790299813	0.03837684262441856	0.03749897603788041	0.22373090475511356	0.03472651757111178	0.031783864849495115	0.05122827923865984	0.12284509150373737	0.05737397985422237	0.05705697299910834	0.026509053993622682
17	AURKB-2	0.02087635980512353	0.021550562793305826	0.04604110773323556	0.11546850238798721	0.03362228133909114	0.01636133864661482	0.05659661340195219	0.027165480283974336	0.26608668296505933	0.05427830039241573	0.02416505241030971	0.04284146496802889	0.19177028602173418	0.038867102913452974	0.027485379449258714	0.01682348448845597
18	Chr2-2	0.025087955370474504	0.029071876069162353	0.062312752450861916	0.1169808628565162	0.03372069049430747	0.021476230840375803	0.04147266403492631	0.0336627088156042	0.26732341790874775	0.04182607140703917	0.031416049886189075	0.051109085795847324	0.12358913530992048	0.05338649307664637	0.043955680288523154	0.02360832539485553
19	EZH2-1	0.02790699386675322	0.03431640507388779	0.06268276638737379	0.16116844597950977	0.02501962383169904	0.02708828845009505	0.03366494320806865	0.032690781171956486	0.25180571796222884	0.03935781473527884	0.030997315040436516	0.04473018331082001	0.11959879867756038	0.040517007669354975	0.04329082760445195	0.02516408703052636
20	PIK3CA-1	0.025355478633219717	0.024252037221156018	0.041588174738567206	0.1343912889132278	0.04183192220733848	0.020395827101708588	0.04334367918898156	0.03115400639109318	0.2970790250470104	0.04696125353689893	0.025892287047006995	0.0476341746618617	0.12341502150263214	0.0394267439616781	0.0353917520301856	0.02188732781743436
21	BCL2L2-2	0.025608208031500476	0.0306171452076498	0.06425584725225533	0.13256794400069777	0.028564634748147553	0.02338597910052027	0.041366872381225696	0.03400023013492811	0.25203988555734175	0.043234817419480064	0.03096599500040604	0.05531990935457445	0.12000381152260116	0.047584914453171784	0.04779901108677995	0.02268479474872044
22	CHEK2-2	0.022275861863131234	0.02863655433173867	0.08876211381009748	0.1275475423745908	0.02971559752745069	0.021290124028876475	0.039328693238786995	0.031672582520051284	0.22476860085696396	0.03220826397288844	0.03327877812288917	0.04583280721290843	0.15489519606713992	0.051405401878374134	0.043781165794943955	0.0246007163991673
23	MCL1-5	0.022130951415235033	0.028483020398516586	0.0758582018173333	0.11028029731987071	0.033803497168429474	0.018305704849407252	0.03875203128252903	0.0351794528010012	0.24574544550175212	0.03939142394622866	0.03105417623603479	0.0542636646330394	0.1389174496891937	0.06059025985247477	0.04213311593183005	0.025111307157123692
24	PPIB-2	0.024758698299326618	0.029756803334252572	0.053680898806412386	0.1093874032765855	0.044078573292922175	0.019220672610926127	0.05044938063225673	0.03852124187832399	0.2388901707056982	0.047827712498812736	0.029147523410643916	0.0555621447227056	0.14726286366440874	0.05084971765397893	0.03685160067908631	0.02375459453366151
25	PPIB-1	0.023963600424925242	0.027776913931026787	0.06758298717401255	0.1225893338525399	0.03354932049966848	0.02207052484838657	0.03824900012666526	0.033140141311607474	0.24985838888403852	0.03898667097179415	0.03382308150732991	0.051630065341564876	0.13119642773828014	0.05367251587183969	0.04727898892736507	0.024632038588953974
26	JAK3-2	0.0296442728533863	0.07136918699463277	0.0911422096340061	0.10873391837350718	0.029094815159154963	0.029076477582490663	0.06652314242373236	0.05202421060802991	0.16282543370932656	0.039824271761483336	0.02768719098513248	0.0377345642293409	0.12602796314373316	0.04471766901318271	0.037409701580990974	0.04616497194786915
27	BCL2L2-1	0.025024539017891662	0.02812801304709648	0.05583220474630239	0.09879819081950794	0.04785490045080527	0.017795457355370033	0.03942261146374153	0.032710365136539285	0.30092367472112164	0.05552661668568822	0.028561405494816942	0.05568608237537692	0.10408122886312506	0.05193125569782342	0.03602188239217268	0.021701571732620314
28	STAT3-1	0.02587894019855695	0.030986584857256673	0.04193175486065308	0.12714347499833104	0.03586545030771605	0.02335807336759504	0.039656060346667854	0.033859061249312164	0.3083175389411462	0.046473759218140356	0.026439760508483207	0.04967564797488783	0.09805793606435996	0.04242293796714301	0.047203147569134365	0.022729871570617108
29	PRDX1-1	0.023656752596789336	0.03297349274857419	0.07350244179101403	0.13991441865267928	0.023167079838815566	0.02443154557548093	0.03668660539612315	0.0308612221706479	0.23382449239986572	0.03835424083587512	0.032098761790873585	0.048903203039598934	0.14179362952893088	0.05143890487977147	0.04352391660501263	0.02486929214994752
30	ORC4-1	0.024797307598256012	0.03429091970516598	0.06573961834649236	0.11221018180296043	0.03414503795953476	0.022406524660818144	0.04816027691073522	0.037901728530845925	0.23380069123158417	0.03602258357523384	0.03287443943779108	0.053870280341159704	0.1288782800614425	0.060504178446139596	0.04601553139426828	0.028382419997570383
31	Chr2-1	0.025902462672818868	0.03692371107242187	0.06868774544121932	0.11317287095985752	0.03505636234230469	0.02130675495345121	0.046837637337816505	0.04028720064738943	0.2565299106895365	0.04242516306410592	0.028989115611765925	0.050901524672378115	0.11375723852989447	0.050738403204962215	0.03965142842748215	0.028832470372598926
32	ATF4-2	0.023186341221694846	0.03160099108065348	0.054356749448975346	0.13766920672722038	0.03082976438073946	0.023442750621266467	0.03894574475519346	0.03334836701312757	0.2621391065867886	0.040437670453225036	0.03025959700399081	0.04866344444325941	0.1281972215727264	0.04807713168469446	0.04593315108035074	0.022912761926092706
33	EZH2-2	0.026892463038695316	0.03338664916262086	0.05441538667501299	0.15175166558145198	0.0314141587615102	0.025019504284512238	0.033797551640346694	0.03436386973696937	0.2459405768276028	0.040787332780014056	0.03215907122933551	0.04977194103326351	0.11210142210106479	0.055628357424877574	0.047143266953320856	0.025426782769401336
34	KRAS-2B	0.021019553337711473	0.027366192123287936	0.07288816976142241	0.1116012314389788	0.033501376923869494	0.016492104085571925	0.042369210565847436	0.030310921504436174	0.2658480426456075	0.04730548486816075	0.027886997122738157	0.04866301738442178	0.14795033800535806	0.05102590297264813	0.03396488371973363	0.021806573540205338
35	COX5B-2	0.03134420043910855	0.044247816111533174	0.04962948914444428	0.10254867309508657	0.06439284783414262	0.02348767536552697	0.058470058607013854	0.057142506705591435	0.19151046774127942	0.05633073101422814	0.032028508540946285	0.047010038262990814	0.09437359026581647	0.06837805357302942	0.040119951285372886	0.03898539201388916
36	BRAF-2	0.021247370445975893	0.02409080585559216	0.0641053029277773	0.13227046711153947	0.029815194966913462	0.017058712905310427	0.034856657538022674	0.03373900246984761	0.22661105015156224	0.034547616092227826	0.03825150806176339	0.05394565028436585	0.13948185659890122	0.07951846600504783	0.03969230068681504	0.03076803789833724
37	BRCA1-1	0.029068609574688483	0.030124930222541188	0.05991099262368912	0.10529306169497979	0.03626563513000677	0.022734484130540997	0.04546382223544353	0.03675358933374407	0.23820794156347544	0.04818055829557488	0.03254397259935116	0.06170665766776916	0.1409316100557303	0.04403538118342321	0.04666776646254267	0.022110987226499568
38	RAF1-1	0.023534939375307016	0.03069357118488042	0.06710318832296415	0.1357496601063816	0.02729953689207366	0.02232418822101425	0.03638111200889305	0.03208165181890262	0.25131124028559587	0.03370112597520523	0.033306082181268404	0.05169227296196784	0.12724422675362396	0.05421071088482227	0.05001047515035089	0.02335601787674826
39	Luc-2	0.028200707341675704	0.0776212766451396	0.07387968620657664	0.11127361840542645	0.034094191421432926	0.031919635747778334	0.07033579137813115	0.05784060869486147	0.15355067029398067	0.03534356096129725	0.03039482443112551	0.03348623478948528	0.08728882349979415	0.0651514894573123	0.04893745330264612	0.06068142742333542
40	CHEK2-1	0.020163672448666795	0.032500158273933905	0.09899131948803991	0.13091522448665266	0.02079627304314478	0.023577959683680934	0.034363655270835194	0.02805242397045273	0.23194067999105705	0.027710483915415862	0.03569378987409594	0.04315030951287802	0.15759631155683448	0.05226201660817832	0.03772721593532482	0.024558505940809605
41	MYC-1	0.022020652417241937	0.0126158437072299	0.02694464701527145	0.08268476935845175	0.09483985733203935	0.011625824644303317	0.04195531054062467	0.030028051209410038	0.2743007832422396	0.07869581112915304	0.036377686067007586	0.056528958391990146	0.11806374323360076	0.07759420128214378	0.016360268333544273	0.01936359209574796
42	POLR2D-2	0.01916364820522504	0.018610296120556306	0.030829458394027905	0.06680755586217096	0.10416320829421147	0.01197092657098772	0.07084304828878378	0.035069435210687006	0.21248717471156872	0.05873298398772288	0.035652332491595766	0.06533519856177752	0.1371475545582482	0.09357544227694203	0.019257273604154013	0.020354462861339687
43	CDK2-2	0.021799237550918334	0.02189171327846877	0.035679658973040256	0.09583361509568057	0.06350400914344084	0.014017604215333655	0.08073960869334332	0.04276966421774469	0.1851073317151081	0.09493036697694308	0.029188017643527644	0.06274510389341119	0.12675036627013742	0.07646169737394048	0.024495339009847215	0.024086665949114523
44	CCND1-1	0.027255210613627248	0.03108194976470941	0.058473569489270766	0.12800982767645686	0.03306781162137367	0.02266853667011384	0.04209039232191995	0.0342763153839165	0.26373293606195725	0.045620778665506075	0.03219445770168582	0.05361176236567746	0.10793719257283946	0.046249315616910966	0.05033466989761398	0.02339527357642055
45	DOT1L-1	0.024634519419103787	0.03067446209562793	0.07063135263935656	0.14809728925228122	0.025953899465857723	0.02493935365648982	0.0330095320646783	0.030018410923952247	0.22425976754929816	0.044463820709059916	0.03355288723398847	0.04440423906101785	0.14314113896179392	0.04962728252771255	0.04678757201957197	0.025804472420210247
46	RAC1-1	0.02433270639651074	0.031190588202896496	0.07240989121935366	0.13302933442289364	0.023384290366107917	0.023925491316876706	0.04233476306515468	0.03286384049402956	0.23231687774111498	0.033535627508158375	0.03426648676171743	0.052375874494936345	0.1373368039212018	0.051369655667830506	0.0511795701031511	0.024148198318065743
47	DOT1L-2	0.02428400531044659	0.030880277096948884	0.07213280467391367	0.14261162671105249	0.026006514461102262	0.021973266193405817	0.04179924496787383	0.03199522594563591	0.2400375375814766	0.0422108338167261	0.028898287823706702	0.04469579242391363	0.14472172669973443	0.045506776156507334	0.03658154641393012	0.025664533723625253
48	MCL1-2	0.026870624970720288	0.04005235899338814	0.07638745751377442	0.11280225768956142	0.03560613699742743	0.021327054744160464	0.04355260661156251	0.039327733431168604	0.2214990860747198	0.042192162253950324	0.029398195588612893	0.05276962862207958	0.12367538450443913	0.06003293754048095	0.0469663751706283	0.027539999293325203
49	CSNK1A1-1	0.02648792025970466	0.038711920613949576	0.06732916298944046	0.12944867897956844	0.02955708358060691	0.02227742901369757	0.04419622544455938	0.037877305796146926	0.212085579078341	0.04307076907523902	0.03004936546551116	0.04423815516736774	0.1583475565537346	0.04862885393696069	0.037796625314254255	0.02989736873091726
50	TXN-1	0.022939604658455136	0.022109733464560674	0.04832320210529136	0.11058695813000106	0.03457176979332665	0.018163895458999327	0.047292921312235794	0.03131303180707652	0.31104715648190734	0.04920936660675975	0.02798028704876121	0.058675069101936726	0.12004212389180206	0.04317559064214277	0.03655035133704093	0.01801893815970325
51	ITGAV-1	0.012144267980644281	0.020928893915352267	0.07881164022499727	0.06794859354655813	0.04229754839002826	0.012237276522546067	0.03661951725060236	0.026070050342539224	0.14665100060229114	0.014997782076483128	0.03609406499475044	0.09920560189021324	0.11942646572744726	0.20749470617079813	0.04174238219253302	0.0373302081722145
52	CCNE1-1	0.028113568612461854	0.026466875192894646	0.04634258300845058	0.11577528154604234	0.04338072739046814	0.01894776369083964	0.05137147033767463	0.03949785341646595	0.25510394986346807	0.07508214879558034	0.028071318557936133	0.0560430764339442	0.11222333169626775	0.04919304319083635	0.03183515499642911	0.02255185327024075
53	Luc-1	0.022940564666125606	0.03280483376642448	0.07480698813177093	0.13704570063056612	0.02508407621635928	0.025345500741942587	0.036021235542634304	0.03227378019812245	0.2347415617155255	0.03566015880879702	0.03446756594536155	0.05005388980775268	0.12439787848400707	0.05782014384139103	0.04970531343727421	0.026830808065944265
54	XBP-1	0.02436087054901327	0.02934146118702684	0.06049868913364805	0.13003326103192717	0.03379685306969056	0.023804524416423656	0.03660488211808407	0.03349180550651392	0.26799779874062435	0.037691463953154376	0.037000369507575535	0.05233519347448106	0.11220645430983184	0.04812258796053685	0.048789733325263616	0.023924051716204778
55	SUZ12-1	0.02980457961543776	0.025584305546898074	0.04698741634261523	0.12622078722594074	0.03587286588367939	0.019749131363385963	0.041815223481338336	0.03003014934139536	0.295049467001966	0.05355265766531056	0.027340827862186848	0.05635494328131042	0.11325396631642272	0.044021985947730685	0.035035511985854924	0.019326181138527056
56	POLR2D-1	0.01824718662432065	0.017067064023784998	0.02523497438529747	0.062110484506653345	0.10035547749649008	0.010749682583095277	0.08080701365095178	0.02970903970244571	0.21241518497442177	0.07324849243275029	0.0314175858440207	0.052678895363951775	0.16663430744446608	0.08816860016427215	0.01379680686730077	0.017359203935778018
57	BRCA1-2	0.024488825243827624	0.02607792352065499	0.0677532663656839	0.08972043139004245	0.030123231956558184	0.01677490150777788	0.06083460798683128	0.03126299810559602	0.2347677075297321	0.05049348344932584	0.02913696524689003	0.06453705938266921	0.1618261644362671	0.04975793457083082	0.04338978618495856	0.019054713122354128
58	MAPK1-2	0.02384872858102303	0.02983158183803561	0.08693681952925629	0.1368385445956793	0.028586368596796898	0.02028546438427219	0.037828241744082156	0.03271636638239518	0.21273590767925732	0.037134326046423624	0.03305858281537025	0.04752522684011907	0.1591262591949194	0.05116200432011981	0.03594201742164002	0.02644356003060981
59	SLC2A2-2	0.02482915752226293	0.028629868532137073	0.04960499216079187	0.14371744338322057	0.027895916767601194	0.021266028496736873	0.04194589832218499	0.02900571561174822	0.2971227206855551	0.04673592856264517	0.026214089072894128	0.04529551144224118	0.12268727007601817	0.03698418513524835	0.03766604400140325	0.020399230227311306
60	ERBB3-1	0.024335687663816122	0.027894210564746346	0.05786399267320746	0.12313933086094679	0.03296306360820983	0.02061139531094781	0.04659224858231416	0.035717463443282776	0.2579204164725284	0.04059782147162832	0.03111980125306941	0.05565146166109131	0.12139036730676084	0.05218339786538906	0.04897480963791843	0.023044531624143307
61	GPX4-2	0.025266421300998786	0.030370619559943725	0.07388178013872353	0.14260538326243347	0.02725758210250341	0.025572819435348997	0.0360264722688213	0.03726630461798521	0.18899049671986803	0.029467918848651766	0.038371206413206245	0.05203174435881653	0.13887428046460581	0.0634427291777269	0.061229399150537565	0.029344842179828697
62	Chr2-5	0.025270320842471397	0.03194868787022271	0.06458425314253118	0.11419768944220199	0.03369674523586997	0.021947394985840356	0.042111735552017554	0.03764371812600998	0.24828367775511445	0.040942622224531516	0.03150091342551252	0.056686675014522084	0.12221359294611493	0.05559680093155764	0.047907668988070765	0.025467503517410874
63	Chr2-6	0.02447902845952275	0.027959966492561047	0.059418866382769914	0.11546391389124037	0.03380367634158785	0.020333510869714445	0.04310471136671176	0.03499198028817319	0.26103951698085937	0.041892748563763356	0.031216920849892978	0.05958178906690722	0.1241699439686794	0.0542998462786547	0.04557156975981535	0.022672010439145726
64	YAP1-1	0.027472898175779234	0.051692654853608126	0.06295356668552697	0.1114180392270461	0.04051851848753514	0.028885212471845254	0.04649131302504472	0.05415504782291161	0.17338657826485102	0.0359786858870411	0.03484347781246463	0.049131579431572925	0.09898760786516156	0.07581693999943398	0.06143990473706096	0.046827975253116966
65	BRD4-1	0.022570674598584566	0.024421735124308057	0.06911189538835993	0.1532048892066896	0.02987200115025854	0.019890832717399703	0.041348074200083254	0.03947470893269849	0.1905334071128679	0.045237862605836655	0.03276708212929471	0.051356529854435735	0.1491276380357424	0.06570362448684582	0.03499831687107834	0.030380727585516427
66	PTK2-2	0.02336295357745276	0.025486983494791983	0.05041534007975875	0.1516424582173318	0.045034996652692394	0.01998037182656171	0.03614044301457746	0.028339978120405104	0.2642588610389235	0.06550572201671595	0.027093838530247178	0.03564438531869397	0.13876828918996875	0.03936435577635687	0.027544932319719318	0.021416090825802175
67	LacZ-3	0.025716432138673015	0.03451751438523683	0.07003519385924577	0.12625918119765922	0.035933774238480265	0.023357363353869346	0.04001328388503018	0.03784696384099348	0.2337854545584722	0.03948324961031162	0.03208225440605725	0.04515396875824915	0.12490092438006493	0.05824532420144824	0.044215788083180184	0.0284533291030294
68	EGFR-1	0.02342425457341769	0.031862080904813864	0.06803199726069051	0.15279668891387427	0.027043111644690476	0.02432486624706871	0.03812782623677504	0.032979906098730485	0.2235984464566889	0.03896915588224454	0.031663071688461566	0.03983038810894849	0.1485173148236805	0.04668889919069164	0.04678417096195373	0.025357821007269677
69	RHOA-1	0.024817362461227874	0.03510098830567864	0.06917150411075254	0.15427832945693928	0.017959346668505734	0.023780794191225845	0.03543928220965235	0.025786355719358795	0.30483131804574226	0.045359271531672726	0.027130708096019213	0.03747104171433935	0.1130791751573179	0.035322237727808126	0.02861668474352116	0.021855599860237707
70	CTNNB1-2	0.023182783958716185	0.031109526315481074	0.06773128804240752	0.1332398496587884	0.028322084873389577	0.02355946847339723	0.03481250526865386	0.03076113531635229	0.2706236744479583	0.03524878943874677	0.028946515116372192	0.047837921428549916	0.13134362288327123	0.0458371391304353	0.043740955968518534	0.023702739678961617
71	MYC-2	0.020316999750852095	0.018194640810519684	0.03136854587474427	0.08951442787181518	0.09181441301332914	0.01291877315234945	0.04942355009900397	0.03086627198605968	0.24039817382047637	0.07353611748327397	0.03352189999329982	0.056763351089134675	0.1373077585221388	0.0763847231886365	0.01679314105280221	0.02087721229156433
72	GLS-2	0.023236895171628483	0.022478600893442353	0.05378262967030769	0.1066042797592363	0.043489879627893364	0.01764635365767374	0.036412496718941666	0.032045269234331535	0.30953997569454994	0.044803893208153985	0.030915082004534505	0.05526522149831852	0.12240813293049972	0.044061646530122255	0.03727053741304421	0.02003910598732114
73	JAK3-1	0.02240046672347492	0.027700006202951998	0.07312517377048458	0.13408907080895852	0.030125980184200474	0.021272276767191844	0.04163483919227714	0.03504788512413367	0.22129289464826057	0.039031111923216996	0.031679166610155386	0.04912294136795952	0.15564555165273822	0.05211954849720397	0.03978459526624806	0.025928491260543314
74	RAC1-2	0.023695122628677456	0.03325370763569287	0.07932479641588028	0.1742952451667545	0.02695821137713636	0.029271883823630218	0.03347422537606226	0.036253205693379836	0.17849752285581594	0.02896119264804887	0.03446450394026443	0.04628459114458535	0.1332644097117015	0.057050049429663775	0.053576395733513645	0.03137493641919339
75	ARID1B-1	0.022348446206982554	0.025227580204471897	0.05303129988903419	0.12110965248302062	0.030378529796873947	0.019697017924154965	0.041439189062546504	0.03010784074395637	0.33139858126691224	0.04645489101724007	0.02880143714182677	0.041774790599603664	0.11784697664049601	0.03899061342770178	0.03202182931005327	0.019371324285124922
76	CDK4-2	0.021276402358422646	0.027277996402846623	0.08149249223679461	0.1130301762066505	0.029449340746740736	0.01737304477854893	0.041904387966579824	0.028389933510558168	0.24612672626385537	0.04715621167742606	0.02861218104327779	0.0517478286724904	0.16511488693342713	0.044709497722959075	0.036833209409730894	0.0195056840696914
77	ITGAV-2	0.012820896694411369	0.02145571330283884	0.07945832079654572	0.06996968492694952	0.03791041592707869	0.011865353171423895	0.050147936825841136	0.028408399606023996	0.14456387015431946	0.016661603921400737	0.03040216523943091	0.09855275515913203	0.13207247281102766	0.19362529760825337	0.039221135252986115	0.03286397860233668
78	EGLN1-9	0.02392993186461664	0.02522965600115511	0.04281522828112098	0.10464052578502964	0.037957804451391464	0.01670294746962778	0.04155209076135934	0.03355994630295355	0.32793844793630667	0.045993648864325	0.02561110073628157	0.04654756373164107	0.13201725949559068	0.04180512767008315	0.033907198102494	0.019791522546023555
79	AKT1-1	0.022135023849828888	0.025769893242135557	0.06372578360724807	0.11624021884644749	0.03727788231226985	0.018269985505513203	0.04182656220072852	0.03147387369079714	0.278133507660947	0.04845585097411017	0.02820007373264334	0.04711666621681699	0.14433048938781212	0.04467696704328011	0.02977230576638568	0.022594915963036564
80	SDHB-2	0.02373676853952715	0.0177851907383587	0.03715779956650727	0.12343701774137363	0.06331736126017234	0.014421142349958239	0.0322899246600929	0.03187638683491749	0.31594226481958576	0.07720437895723527	0.02659308181603365	0.04291125627490479	0.10932704532736891	0.04344707748886498	0.018808544464226695	0.021744759160871797
81	BCL2L2-4	0.02627570801106919	0.0353602598607854	0.09187992545230189	0.11068058226300635	0.029494701710041624	0.020304793163064636	0.034835770717561484	0.03494177538027377	0.21838820618115717	0.03535139003271171	0.032512052345738375	0.058939658917644085	0.13955740364304023	0.061056810895661624	0.04434840704933214	0.02607255437661028
82	ATF4-1	0.02486515302417904	0.022864657766946368	0.03424522615430148	0.11607603901084916	0.07389326752436472	0.018592803326133833	0.05728539606631787	0.03679589724381201	0.22582543483558756	0.041178025312107645	0.03385220949947208	0.06756880070287888	0.11881966032119996	0.06467885339956415	0.041894842633402464	0.02156373317888246
83	MAPK1-1	0.023317493647034247	0.02921864566134743	0.07080983149222309	0.14218077995484046	0.036213130857810055	0.019628820557129938	0.03471811785551739	0.03516759979117525	0.23938408872834877	0.036469350424312784	0.03135413157066133	0.05135014707989533	0.13081767030056038	0.055967836407355774	0.036212853436021916	0.02718950223576579
84	BRAF1-1	0.022844904342027628	0.028240277382924898	0.07937063550009274	0.13526526746264464	0.02722301452322528	0.019539857071770427	0.03723218706241828	0.03172902692121592	0.228092658159085	0.042116628623357216	0.030674039076545187	0.04735750193948618	0.14842683491870415	0.05782630608834186	0.03562939199072977	0.02843146893743134
85	PRDX1-2	0.025671932021327053	0.035034317871422714	0.06623367281711094	0.14173434296983253	0.030193171433199724	0.02530354663086694	0.036875234464989914	0.03685730211127685	0.22871205986197998	0.03363480989903947	0.03390950616888017	0.051999763174973845	0.11600690805141824	0.05617400167470697	0.05263326022191041	0.029026170627063926
86	HIF1a-1	0.02847845769519128	0.054547808225551705	0.06084535713104116	0.11623587895630734	0.036863783521423804	0.028928157543507006	0.058803463973805745	0.0490396380683259	0.1872263476588261	0.046966257930245774	0.03267694403004282	0.03741189205971193	0.10809478009725382	0.06549719302502867	0.04285106387751243	0.045532976206223624
87	MTOR-1	0.023610942752043885	0.02103937645083858	0.04877235993040913	0.12828168394767214	0.03864533823893422	0.01801167073509405	0.03530541056087412	0.02915792554930416	0.3225741133969127	0.05211052910743438	0.02701939309239146	0.04269755441424524	0.12457064179347667	0.0392193627144028	0.02810582307125353	0.020877874244713202
88	EGLN1-8	0.0234797085651419	0.028637925786892934	0.05085491924368061	0.11736064942742894	0.039942932666489864	0.01740108515353896	0.0432202721221887	0.028349558724982397	0.3028064495213346	0.049140747736909615	0.024127068662077214	0.040895891506846964	0.14566793149816443	0.03810073054362854	0.030446904219354254	0.019567224621340053
89	CCNE1-2	0.02540943797547874	0.02543725753693383	0.05567147486869801	0.11115636909951437	0.04343356301121462	0.0191765785847231	0.05018622731931267	0.04314637424177425	0.24549146308720404	0.04696463416009001	0.0311828293717575	0.06447668377018333	0.10189794510597902	0.06667784660134665	0.04323138956738963	0.02645992569840025
90	AKT1-2	0.021488087235965247	0.024304060326298525	0.058825160260057734	0.12393000036899159	0.03792054042476133	0.017511824898932507	0.03633085856561126	0.03234045397577363	0.2676250065420609	0.034517866528732934	0.03414998997812758	0.05597787706100411	0.12615586094528403	0.06384933438777624	0.04053478814782717	0.024538290352795415
91	EGFR-2	0.023986869510789686	0.028484244654380854	0.055361823581260905	0.12567603088819945	0.036989390942676253	0.02180289569344736	0.04709925087612415	0.032534148452216874	0.26401069662026627	0.050611187965438495	0.02598737163537258	0.048135327382442285	0.1446267860820268	0.03902335616582067	0.0347739250429209	0.02089669450661585
92	BRD4-2	0.02526606826361784	0.024042333474528176	0.0446397345755875	0.12288964654670449	0.050930185923815145	0.016630810146756617	0.06969965545744594	0.04393930136477594	0.19445398998494065	0.07808855116184561	0.028023790373763454	0.04786516253530619	0.1318250246124276	0.06553576423980963	0.026109189832329162	0.03006079150634597
93	CSNK1A1-2	0.025648262760947945	0.04493595662839098	0.06464040036020881	0.1271219883747121	0.027375635445634476	0.02517022912584963	0.057203827271959024	0.043263851324140866	0.1697451000125456	0.037142989107731596	0.03225916189317359	0.041739687524561205	0.15681255591914683	0.061176555185060676	0.05051694524240427	0.03524685382353253
94	CTNNB1-1	0.02721819683969805	0.047987811291703104	0.06257597138747256	0.1144042978818444	0.03352729703266128	0.024416960058888385	0.05049913749514218	0.051229835864638	0.19553733410525703	0.03875386605702821	0.03545196863517623	0.05254881131883515	0.10724400798066952	0.06941618331936981	0.048901572542031396	0.040286748189584526
95	ERBB2-2	0.02855847502731092	0.028117885551388104	0.056569979965691776	0.12314410238511381	0.03686747710204179	0.022261318577350628	0.05233380692613372	0.038824982897972725	0.19877976738766634	0.04711949229090481	0.03505814506115716	0.0572746963739351	0.13968483480645588	0.0588815413117872	0.04882676666668259	0.027696727668407934
96	CCND1-2	0.028148114688730012	0.03199481508237382	0.05186309087838051	0.11179560708511466	0.03917300733111491	0.021839234105658554	0.04243834028568926	0.03843909734586918	0.24824268485711815	0.04130627808755653	0.03165500329554825	0.06393025805244944	0.11448465218901964	0.05450452279818149	0.055864149014580665	0.024321144902614965
97	PTK2-1	0.025456664938606457	0.027844852150857094	0.04540466451465454	0.14034445034404028	0.05031904093343221	0.023680924444652394	0.037062156831101575	0.03184501903039157	0.2759637572311228	0.05604065225411621	0.02945234945806707	0.03774889183184854	0.1271761543166785	0.032946352148310896	0.03767113585728442	0.021042933714834778
98	STAT3-2	0.02812163828998205	0.027075063431544786	0.040878314733543364	0.12476332661256465	0.04532043202870554	0.02041787684421017	0.046719048069836566	0.032245769408599155	0.2797653553242974	0.050339178479635815	0.02901816000137875	0.052282454530654415	0.10910427496899013	0.05068927651791496	0.04181433734943367	0.021445493408708164
99	TXN-2	0.025216726196408135	0.031351918971735636	0.0611049187004294	0.12229219296195114	0.02520609270809393	0.022202429176067035	0.04554978283382414	0.031581759427974025	0.2714697412341977	0.046424095625026335	0.029174311342999096	0.04549990131496514	0.1396756957281687	0.03861517667561194	0.04368352443511963	0.020951732667428002
100	CDK4-3	0.02377583301818087	0.030983680018302023	0.05347460096002591	0.1516889230238192	0.03000502419543617	0.022637290840425664	0.042218370836778846	0.03699836818327887	0.2545252683641519	0.038725807616140064	0.02833307895342083	0.04557245344335174	0.11314391680370481	0.058578646048203516	0.04139522331464357	0.02794351438013544
101	GLS-1	0.02776879031799204	0.03377904515216193	0.06454227290287548	0.12036447762534354	0.03240774881930488	0.0241331316814002	0.03942516387571632	0.03249389384123366	0.26208626432881016	0.03969108231528777	0.03232110473549719	0.049893496195054864	0.11662270475016144	0.04884156174976904	0.05123999797876647	0.024389263730623625
102	GPX4-1	0.023868109163287996	0.030371237033519547	0.0632885083605726	0.1358196249715893	0.028392783284495446	0.022534855673960786	0.03968345600701091	0.03141624694535822	0.24543045246610296	0.044804055000318685	0.031613438422412835	0.04944917200920833	0.14550949939643074	0.04529366926612576	0.03888936411187652	0.02363552788772961
103	PIK3CA-2	0.02622310993524123	0.03025818752127356	0.06132686317520149	0.13530784720330238	0.026622807700745273	0.022511151111029228	0.04055350646208725	0.02832122143946157	0.2875543829498857	0.04875616243031818	0.027150062237511943	0.046288162465570874	0.12900927018062386	0.03431362099226353	0.03495884921914186	0.02084479497634185
104	SDHB-1	0.022042567155059232	0.02560685520466325	0.05262071962460682	0.11240727404442127	0.04325510975525891	0.017869230640663102	0.041358970496516115	0.027626884634767562	0.3026754769063481	0.06191893856106898	0.027925879043847378	0.03798910144179647	0.13503679547928024	0.04057110116383947	0.03125128837515946	0.01984380747270338
105	ATP50-1	0.026317935675980612	0.030467453521560262	0.05603785426919881	0.15102449195205836	0.028085937230609388	0.024661300237431214	0.03966041336637166	0.03327521307723789	0.2729329110817559	0.03711690276081032	0.03021813665906049	0.05017886445464118	0.09839755792551098	0.052197336236229366	0.043867281820972236	0.025560409730570863
106	ATP50-2	0.025259107128656994	0.025742554224849126	0.04407120344233766	0.0983795171379031	0.03171847417393451	0.018358494064350896	0.05788246899296292	0.03403757064258511	0.3088202359765458	0.049691396545507464	0.027068365636365152	0.05433442448242441	0.11225037593720065	0.05297092348775253	0.03938402670053753	0.020030861426086084
107	BCL2-2	0.025488975741801163	0.029190327595613408	0.0483253285919109	0.12733000546861065	0.03006787506332181	0.020414320405077853	0.04369287887196241	0.03437244097113495	0.27762504045680825	0.056603662607566475	0.028954662949104856	0.0521411030400061	0.12706827744890792	0.04098872475305478	0.0349225862533153	0.022813789781803998
108	KRAS-2A	0.02581037882577527	0.026249238903805948	0.05582363026640065	0.12908838897455902	0.047364920265630495	0.01670589825055782	0.03603986200115481	0.036636717217232204	0.2760042910091475	0.06077036754438157	0.02477990421796985	0.04657955499173421	0.10479792071920488	0.060021421039959555	0.0278080498331002	0.025519455939385406
109	CDK2-1	0.027160260510383314	0.029427952634255992	0.05887315775369202	0.11993850967494651	0.04610731869934214	0.02073874697636177	0.051583190384138215	0.04295328070787173	0.1914731633013835	0.06563050586190292	0.033256755618958	0.06534674929777826	0.11573259786669933	0.06277942292096832	0.04240508245985848	0.026593305331458136
110	XBP-2	0.024142647569014717	0.0325426686839774	0.0673678326282986	0.1288552533995135	0.02792760704113439	0.022185205340632404	0.037442977833682875	0.03295419349123757	0.2710638579008492	0.04177901565361783	0.030218572322890738	0.05307593967188247	0.1200940948318095	0.04459599431007163	0.043652463627961685	0.02210167569342541
111	ERBB2-1	0.025977721032470362	0.03290281372000526	0.0625604500495438	0.11982732668133221	0.02935275606189236	0.02400553060773671	0.047769779815758966	0.03769934801015604	0.22456118502225297	0.04832881095747246	0.033389189277867576	0.04919447838385033	0.13687435186942706	0.053020909463813104	0.04774906669039646	0.026786282356023865
112	KIF11-1	0.01538470951906385	0.014120564602418539	0.02594038279867702	0.04417942040153999	0.05874048814468014	0.008882983010823017	0.0990940442311288	0.028181045299425552	0.26753568578071535	0.03543010949264178	0.028720311370772036	0.07504134122205083	0.10539098062286592	0.1595203024288194	0.015240012227080995	0.0185976188472966
113	KRAS-1	0.025934687799949403	0.031138614098193407	0.06478048062532032	0.1321534734842948	0.0469124277289212	0.01811883817273795	0.040819513732225324	0.0344168786030042	0.2522599095317766	0.05213923197231258	0.027487164163679884	0.04022412889453094	0.1284195027003417	0.0531828280956251	0.025422031752521817	0.026590288644565113
114	MTOR-2	0.025293467582028703	0.027719990857269075	0.04954270639173481	0.14021557064806195	0.0341203163336457	0.020910149262247445	0.0314362476425291	0.03013798128167772	0.3179523852607924	0.04754500585994251	0.026603422821794256	0.03668305141487624	0.1220066997883959	0.03660154073760182	0.02952923080213222	0.02370223331527081
115	KIF11-2	0.01857979794564622	0.019459241467981215	0.01900364492751158	0.04281377159146673	0.07417457308610073	0.008390548061486848	0.09095524354081043	0.0361043625432662	0.3125129798860818	0.05893226948343808	0.028262504258536505	0.05578239084532104	0.08304810655641877	0.11459531846177719	0.020842242113472395	0.0165430052306842
116	SUZ12-2	0.029768308236544003	0.02706795370194688	0.04077925374618292	0.12816490024272142	0.03663021703607465	0.02280258683114583	0.05370712140541063	0.032888212030430596	0.27414163838056527	0.04917393395053345	0.02722691225155077	0.05294814449499082	0.12141078309822138	0.03861743200704843	0.04375499384559546	0.02091760874103815
117	ERBB3-2	0.024554829689023415	0.031862364502427104	0.06434343427209924	0.14600911940475944	0.026122687232886955	0.02480872414011507	0.04038126383411184	0.035113812146777106	0.2402736634797552	0.037030031751827744	0.03178433303865492	0.048966261489595694	0.1183876967464051	0.055852762701750026	0.04699215461577194	0.027516860954039005
118	SLC2A1-1	0.02646631518998219	0.03191915809924955	0.043529389049807445	0.13007900835957728	0.037631183218340636	0.02320964081903868	0.04456373395172153	0.040178080019184666	0.27564626800015374	0.038568155948294915	0.030172752449432707	0.05530678303470236	0.09246909180023077	0.05069844623598636	0.05569659060052676	0.023865403223771325
