	reagent	Anaphase	Apoptosis	Artefact	Binuclear	Elongated	Folded	Grape	Hole	Interphase	Large	Metaphase	MetaphaseAlignment	Polylobed	Prometaphase	SmallIrregular	UndefinedCondensed
0	ARID1B-2	0.023122080318044486	0.02404661710756047	0.04160949227715547	0.14351702856215612	0.03425281004577245	0.018505927599213302	0.034270714117044486	0.03762748971771732	0.33553093051430016	0.03859742579294183	0.02936013807960655	0.03798899026521943	0.08534867378628268	0.0591941431516559	0.033218705374885	0.023808833290444524
1	no reagent	0.0253644147961384	0.030623631187384367	0.05414805223747299	0.15507142897659032	0.03062286649498417	0.02222435242296454	0.0350131964390247	0.03673110826873264	0.2558524575258908	0.03713968302591247	0.03558040447713742	0.04546116643103744	0.1006036352801495	0.05839750450965529	0.050867319633337016	0.026298778293588555
2	HIF1a-2	0.027672071425836636	0.03056521807842476	0.05155256760224119	0.16239951624656807	0.02984412905449307	0.02377694618639103	0.035950723628740605	0.03954219484136573	0.2515373821753414	0.03503732862663079	0.03543961796040086	0.04463243727161703	0.09768877949821994	0.05215911504989695	0.05385252314660082	0.028349449207230724
3	COX5B-1	0.02601537323620598	0.026845115893429024	0.0509144670334577	0.15384783312536437	0.03043494708508338	0.02048069406489944	0.031761660813481654	0.03460413821105124	0.3014402996260785	0.03633961163477555	0.037594324142984525	0.04759400862137063	0.0847507474497068	0.051558823423623064	0.042705841031247097	0.023112114607241902
4	PSMA1-1	0.020335870868485036	0.036269674401605494	0.07733249713831666	0.12869259109459996	0.039718200418776446	0.02110688575696256	0.034875308110952956	0.031686697860067045	0.19809281792624495	0.02195884718263633	0.03211355875158368	0.056393262495230134	0.10891462182250308	0.10086319100888608	0.06087893809159304	0.030767037071556043
5	LacZ-2	0.022905431225797888	0.025324874333278638	0.05156151669430587	0.16370367517204726	0.028314463100067615	0.017753370364072117	0.03082905872309168	0.03330453851405134	0.2765441296682602	0.033952500895844236	0.03575525096872095	0.04427046327712158	0.1190971707590757	0.049270392622710414	0.045846726280049	0.021566437401503925
6	Chr2-3	0.02472532112367798	0.02634469362913857	0.05391989875934742	0.1439672899589383	0.03107183279157004	0.022633895065582426	0.0378587395254427	0.034721267998360096	0.2538877041722137	0.031982195023549244	0.03494091487694917	0.05104223576649419	0.11772164264927804	0.05976041324880172	0.05254025264260902	0.022881702768046946
7	SMARCB1-1	0.02195012163741122	0.026102182119394208	0.048042702690050336	0.16616397805593325	0.024963146441404016	0.016622303041844613	0.039610462281582055	0.03662506470349892	0.30312059292218185	0.03741633701272653	0.03133370423554801	0.04086485173033194	0.10545046149086236	0.04757625407817245	0.03254756189113489	0.02161027566792327
8	CDK4-1	0.02795706880279163	0.0288670323913132	0.03611413554266699	0.08229549631223676	0.03700440589055101	0.013213335929037577	0.04181818110798121	0.047766717501824804	0.27580534207399443	0.11735104774632112	0.031055787142131114	0.05408572765876093	0.08547280768666164	0.07630641318128478	0.020290855917326593	0.02459564511511592
9	PSMA1-2	0.018236964770867913	0.05110175526321211	0.06796797095800436	0.0951529313069418	0.05604510137783457	0.015814603507469	0.0276484351492318	0.03452526682976803	0.22529191350370437	0.02827243765883581	0.03433597176807785	0.06353836590740429	0.08351357498003922	0.13589256295313049	0.02376409834407968	0.03889804572139758
10	RHOA-2	0.02455383231686736	0.02338951284970851	0.051638543569235994	0.09324468300372885	0.02139504344872608	0.017295633334491883	0.02859163678379227	0.04609891581821923	0.26833293028723276	0.017518082908790273	0.03259082252066979	0.06361853906855569	0.07211178146106366	0.1261289762902915	0.08586823521757522	0.02762283112105127
11	BCL2-1	0.02434141165535214	0.024560090376011146	0.057830468706869635	0.13710599216529215	0.030161817806792578	0.022253229543926358	0.034804617056372736	0.032573428484344545	0.27508596109520805	0.027492983912561237	0.03496887747189499	0.05447664944044006	0.1077745285836193	0.055043531486667116	0.0591565187098561	0.022369893504791828
12	YAP1-2	0.031506129961163525	0.02789718868213555	0.03994181015314877	0.06664008336265928	0.04160910942235742	0.01564809310292463	0.03420760847459196	0.05207163420277172	0.30519848232556235	0.03458182626313738	0.04028255336004761	0.07256685788199634	0.06275651317468328	0.12010840194721842	0.032977626259078435	0.022006081426523154
13	ORC4-2	0.02480760786564252	0.027485550679456596	0.05285270198586723	0.15502716443062475	0.03333285373851991	0.020431998484423012	0.03504840115344569	0.03264517710525342	0.2711562766827423	0.034634493799269334	0.03506043343549723	0.04668727348698126	0.1092470286423924	0.05693570823829968	0.04119404997089013	0.02345328030069557
14	RAF1-2	0.024642674554398412	0.024688428754960752	0.053460179542674846	0.19239016742341028	0.02767665500807482	0.03011516767065742	0.03235104745521855	0.029709682321819773	0.201282731225907	0.02495510961965165	0.03402145401777679	0.04035643669172001	0.10502689941449679	0.05644589009893517	0.09527377998276942	0.027603696217528024
15	SMARCB1-2	0.018339995857122142	0.027502441143368292	0.06829149560876163	0.16744738515773777	0.017551589864395103	0.024269033922756915	0.03477394706530203	0.029802139915271454	0.19600678548578343	0.021168964847101467	0.03267649815962641	0.04215701695117116	0.1171880560300895	0.08137412147552113	0.09029723361580837	0.03115329490018326
16	Chr2-4	0.025381545918882316	0.026901210518426952	0.05205989531825336	0.15131800711848065	0.028678435598575358	0.022504533771816392	0.034950827018852465	0.034869571875501	0.25435315213288806	0.03268521795253066	0.03404596695608135	0.046535820852282146	0.1099457148809017	0.06107367380519429	0.059302788819531396	0.025393637461801587
17	AURKB-2	0.02325367979720571	0.024160773449396874	0.037888667061770694	0.14370485224446225	0.03462933774164874	0.018468441011799144	0.029471201179013324	0.03623268665407264	0.28080906250160076	0.05322974522066793	0.026636602297533337	0.034915487004461274	0.1569177305362623	0.050506431826382085	0.02835781621418272	0.0208174852595407
18	Chr2-2	0.024584697718900324	0.027262263790637568	0.05063703458020953	0.1629027930063754	0.026137913845188692	0.023201635512595055	0.03780002513972896	0.033992477777488976	0.2429226189284737	0.02984883997723138	0.03668012742426076	0.04425652318881828	0.12386188024645457	0.05356264838575773	0.05823112598137082	0.024117394496506305
19	EZH2-1	0.024356711910215257	0.02616622600251381	0.03991441532521478	0.1791046088298405	0.0284738922498944	0.020252345011259464	0.03349140361610949	0.03040255882948961	0.31280194134312733	0.04620813666415137	0.031070425436557744	0.03739746414350261	0.09615431721400634	0.04258365871066784	0.02924970604093802	0.022372188672510934
20	PIK3CA-1	0.023831065685456766	0.025325388565392015	0.05166982141777479	0.15766337867034536	0.030629892016588004	0.019689337414102535	0.030230015775166475	0.03719934104186482	0.28718027402387564	0.03246560615539125	0.03416946208051184	0.04698041138662114	0.10208637912859245	0.05793722723583451	0.04118746992659412	0.021754929475888286
21	BCL2L2-2	0.022328030089883995	0.02727062642895308	0.05163498311720385	0.16007932533311306	0.025964309396684288	0.023790082848265514	0.034945552869865074	0.03137524848666803	0.26757048732852196	0.02995329719944946	0.03945768835733188	0.045289526679973484	0.1209950176873118	0.04304186197051443	0.05518859398908876	0.021115368217171363
22	CHEK2-2	0.021964355341400107	0.028110715858104905	0.06061221882592885	0.18100953591279192	0.02627332645079762	0.017702327759245854	0.031465194040776016	0.03243410430412626	0.2635482429314504	0.030696527577622156	0.0358062062860492	0.0500432881728219	0.09986070484846944	0.056102678856540265	0.04016644435587373	0.02420412847800156
23	MCL1-5	0.02382680119998555	0.029266466160520373	0.05092897901294624	0.1518467694052604	0.02478039382851205	0.019037376981937488	0.02844365453394328	0.03321794886379864	0.284191531468537	0.028557065291790074	0.04430433042091641	0.055502553707719046	0.09899852087064051	0.05812515016714397	0.04290563404565932	0.026066824040690238
24	PPIB-2	0.024368349146617518	0.02571478233049251	0.052233597894229315	0.16552137356597296	0.028663646921949216	0.019456138570560347	0.03980482364328016	0.032237461594034365	0.23261509357253904	0.04241024878168335	0.03417354406530979	0.042081175787596944	0.1461771596561067	0.049704983023784614	0.0424768176001327	0.022360803845711288
25	PPIB-1	0.02404480794740649	0.024585446744620446	0.05942097229355112	0.15304976556371716	0.03234898942368422	0.020944111847124434	0.031773554567399935	0.03246579783268047	0.2492783199274047	0.030657381942489473	0.03713896428773065	0.04741476840534847	0.11050974878516368	0.06397944045912786	0.057550435048144256	0.02483749492440484
26	JAK3-2	0.030843462089786024	0.04320572951186907	0.06302179692825523	0.121749685299701	0.04895479466098934	0.02053691124085365	0.05205947929901292	0.07277705272292756	0.2407978557339066	0.06463453741234501	0.02873462478593626	0.04272803833452593	0.06624335046857031	0.04684257893027815	0.024946339948545185	0.03192376263249776
27	BCL2L2-1	0.022393130652005863	0.025697273683610362	0.03729880485681104	0.14487096595889146	0.02913318104267508	0.017446794916678367	0.03139613819400411	0.041486352187933846	0.3441008390585926	0.043492066298786054	0.028247646999042173	0.04579323906680077	0.08294166318475205	0.051151767828071494	0.03235743567537248	0.022192700395971945
28	STAT3-1	0.024946788104947888	0.031236373972587037	0.05927475856731348	0.15308332714549183	0.03692299699854584	0.021825696184891462	0.03672796764900729	0.037837266297137795	0.25335381582014643	0.03384638426618472	0.03161074105830747	0.05456121155118834	0.08300987291839397	0.0747511873869721	0.04029772977115675	0.026713882307727945
29	PRDX1-1	0.02157953477433587	0.026722771272474296	0.05844688456734387	0.20266045460819862	0.021967114588965508	0.031629165732356766	0.03639254787565523	0.026411018614269356	0.15831008656905765	0.025490002809944182	0.0340276722996564	0.038008617451962906	0.15483318175687918	0.044422467974450146	0.09603834798389292	0.023060131120556954
30	ORC4-1	0.02710843478714136	0.0343881432442698	0.06002489987449311	0.13221829843427646	0.03716100345716322	0.018811037326357388	0.037739869048601764	0.048859637465319926	0.2701853269807092	0.03677508521663584	0.0314808310617214	0.04595508963581113	0.08864728144397443	0.06568371689667964	0.037170691393029184	0.02779065373381713
31	Chr2-1	0.02577275622125569	0.03288896936705326	0.054366535688341	0.1439191037314924	0.03340968400387241	0.019938096615077946	0.03926915872023353	0.04216087084174447	0.27116468055850207	0.033629646598823934	0.0333778888104301	0.043362580458878155	0.09690462809643431	0.059916787678446895	0.043945129877242965	0.025973482732168315
32	ATF4-2	0.022047707168926057	0.024053789168932117	0.041735211517110314	0.1700412056986295	0.027004691422716377	0.015362607527755359	0.037393994634699675	0.03192208658750421	0.2933098583530059	0.04376319266982687	0.03145218656525504	0.041954691894440885	0.1318428383360083	0.04257904531676573	0.026582817403407493	0.018954075735016333
33	EZH2-2	0.021955639345390975	0.02611664464086985	0.041052878492829084	0.17224856192868	0.031990950104558324	0.018560266582221423	0.03450132952363286	0.03081603128182771	0.30998184508169885	0.048716898627815954	0.028966644768091514	0.0370696355536372	0.11360134061292737	0.03819870454635955	0.02515086126804662	0.021071767641412505
34	KRAS-2B	0.023356131030328513	0.027798958562334393	0.04856164522764443	0.15610220465608393	0.024938313390161615	0.018699511339587912	0.029337946284566985	0.037385465315321935	0.3103201895030528	0.029678722506202543	0.03368991580391337	0.04685094633648192	0.08198214701800594	0.06392365234582549	0.04054502984342438	0.02682922083706394
35	COX5B-2	0.029667837502509592	0.03633552230737304	0.04320858955078313	0.1289218640085395	0.039080378725158585	0.025740202923182114	0.0424696735563848	0.04786215028595604	0.24121417439572204	0.05356408221378978	0.036676620215249	0.04287842729648673	0.09168136191214375	0.0666137666634849	0.04440895962080145	0.02967638882243545
36	BRAF-2	0.02475715733990948	0.032648304920682054	0.0621813885224457	0.21553558701515443	0.02641566462218305	0.016443397298144393	0.03650872702336265	0.024062688760025538	0.17913218838402029	0.07789241092875672	0.024980357347012414	0.03097922948513814	0.1883105861181669	0.022554983642521086	0.013455896728820468	0.024141431863657473
37	BRCA1-1	0.02496171514427225	0.02673979438937493	0.05934518836137372	0.1433555122485238	0.027335596991126077	0.024018379395026337	0.0353854265675513	0.03010363441103027	0.25020312080542856	0.025431332110341383	0.03277377718239153	0.05144552284617553	0.13809382324329644	0.04734131280015212	0.06407796972112124	0.01938789378281415
38	RAF1-1	0.024787934447189103	0.025866103535161465	0.03969705413366247	0.16370070859878974	0.03252366802321516	0.02189280686806476	0.03632765307950734	0.03521336561265742	0.28345734797443056	0.031032501476582448	0.034153280360061385	0.045617386606636556	0.10944467908821891	0.0491648260357863	0.045547648764581616	0.021573035395454132
39	Luc-2	0.0288578230813521	0.08088534628178867	0.09832910718226145	0.11578830789783882	0.03651902176660371	0.036494033305286215	0.07601676712892436	0.06747803393348478	0.13091572610662328	0.056585141287328555	0.025747506894464225	0.03331020282414397	0.07601404577482733	0.04889761798606914	0.03798371009526952	0.05017760845373412
40	CHEK2-1	0.025703333667779375	0.02938258520536926	0.05559805540387595	0.16823780011288733	0.024674655825124833	0.0212253543391863	0.037837063055506145	0.033790854430815725	0.23877553169240945	0.03594270188919716	0.0381084490331198	0.04912768392002632	0.11599259304381145	0.0513022942353749	0.0486181857485477	0.025682858396967545
41	MYC-1	0.034696762110582126	0.030816199302353502	0.024024933485607976	0.05159425845172416	0.1029778471695505	0.01377383803844606	0.009858831664678807	0.06407442522541618	0.3119385183574046	0.033537686451590686	0.05953337549167249	0.051222874037893204	0.0419104871101305	0.11249561232565156	0.03212778099500763	0.025416569782289008
42	POLR2D-2	0.02589663723863656	0.028323047523831423	0.06605474722729081	0.14457880540696355	0.043892841947249565	0.01982347109400098	0.03348434577919434	0.036076867959787484	0.20282836025666304	0.03192252392052503	0.03618870934953038	0.05403789905635745	0.11917773831095103	0.08175764418364691	0.04910956952928145	0.026846791216089582
43	CDK2-2	0.022318312148293957	0.028757358765122334	0.04671871355292818	0.15669780228603591	0.03645575084738507	0.015548534383471141	0.04605886973499589	0.03801430531419307	0.25437497914431684	0.06639598927090715	0.029338551172634546	0.05156018657196607	0.11683207821785815	0.04743484742890925	0.02392567036935487	0.019568050791628065
44	CCND1-1	0.025743442497548265	0.026370496536504993	0.03126808483506786	0.09875004962426578	0.04806358714538178	0.012423275299587129	0.03961003416073382	0.04095413040257323	0.3072408737375389	0.07528173940958138	0.03280430823496099	0.04984769011081248	0.09740408396418226	0.07199726288003941	0.019703523395887074	0.022537417765334567
45	DOT1L-1	0.02377645988764481	0.024181466451288432	0.04933430508610131	0.1923884752974381	0.025676128331590515	0.02100487773437508	0.03325980914350125	0.033522524058278165	0.22784913780353735	0.026391422801613298	0.03597319480165162	0.052227925240464206	0.13708768273703473	0.05318770823263296	0.043721363644891355	0.020417518747956685
46	RAC1-1	0.02505704393632807	0.026318296886800634	0.0501807871195928	0.1559797711798627	0.03182607487076736	0.023409489918259616	0.03323866471639544	0.032371679854692165	0.2615658529075852	0.028869419023060824	0.038696858200784855	0.051854347058300894	0.10616591249136066	0.05449989243329748	0.05732005862245388	0.022645850780455695
47	DOT1L-2	0.021862221722886183	0.028084088521704496	0.05229155754716507	0.1684909982626296	0.026031337314691077	0.02278064367196357	0.040497105314320964	0.029660529937436474	0.2665664855142391	0.03562013228284134	0.03503393918406631	0.046722245106765405	0.12194798390562324	0.040894598994184204	0.042513941564576975	0.02100219115490698
48	MCL1-2	0.021199292475098594	0.03142191170848977	0.05296499402150053	0.14509434603974594	0.027652668497897052	0.020996512230686475	0.03168588883425111	0.03678471761311251	0.306454229317156	0.03233161850672905	0.03354771998862529	0.04303558800774063	0.09151856709927626	0.054884946048620986	0.045078582227407814	0.025348417383661774
49	CSNK1A1-1	0.027879027480978282	0.02809478528799297	0.04429720813093155	0.12652022544323308	0.03644544146928199	0.017643558267858885	0.030348636824989735	0.039430108449586804	0.29478709848130413	0.03621713989139209	0.03733083847817088	0.05045780515383573	0.08637756279342858	0.06679919417335155	0.05182561328773365	0.025545756385930197
50	TXN-1	0.022547865830089726	0.030797983692403746	0.0519506740581911	0.1604262926001629	0.02779397432977112	0.02111564938182483	0.037032846140208284	0.030895729760864587	0.2841792630405021	0.03966244017913736	0.032545411861678634	0.045534546741927966	0.11234861471410162	0.04089097990296167	0.040857275565907306	0.021420452200267916
51	ITGAV-1	0.015707789020618396	0.0280101227795649	0.12278604330070743	0.07132204750324962	0.015922547688914553	0.01886390768978953	0.04803234653141818	0.027638527264201743	0.10623538671621849	0.007389921549344142	0.03611792226738567	0.0633198315569632	0.15607778159465985	0.17072996996303313	0.07874677195887513	0.03309908261505582
52	CCNE1-1	0.021037897066235402	0.02580928317158309	0.035678177043046225	0.15056732830098732	0.03353337051269058	0.016877918003342762	0.03243871063818594	0.03803743761375265	0.347028733738354	0.04227533454598789	0.02930081023310362	0.041037325182635385	0.09697036569483584	0.04576103711932604	0.023163322086188154	0.020482949049745063
53	Luc-1	0.02355605178614388	0.026094125561961067	0.06546211690224281	0.17958106701928575	0.021292210654696914	0.030267404021176825	0.03640745159581778	0.027620049978185915	0.15422094989375987	0.023089647595880166	0.03942412819946109	0.041963845698474306	0.14718375622996158	0.05643476326756593	0.10098699632860167	0.026415435266783978
54	XBP-1	0.02535017170052246	0.02644545294534659	0.049155723261665	0.17903475556996404	0.031448432075880654	0.019097791522543088	0.03315658244798368	0.035617145526626835	0.2616151671842531	0.035201514072610386	0.037101351981316984	0.048812907892161854	0.11576293338964314	0.045357338439108656	0.036585020542269524	0.020257711448103448
55	SUZ12-1	0.02367092604053463	0.02362149943314665	0.02987608942892804	0.16211542248950808	0.028775508344018635	0.013579100305773925	0.033552347420715216	0.031019077305288658	0.3727081830523298	0.052660807981889046	0.0304530141177606	0.033936792582998476	0.10027818692897235	0.03236189881278772	0.015350922247456605	0.016040223507890916
56	POLR2D-1	0.024266448133551305	0.03127959156578197	0.034746349998067215	0.12034429972504564	0.06211831787749466	0.013101737964618885	0.027034452091822123	0.03290783867210204	0.24644714175982319	0.048788798507489135	0.03766046068890511	0.0589636215400159	0.13590685960335902	0.09249698373455825	0.01162256156831768	0.022314536569048495
57	BRCA1-2	0.021781945620897247	0.028304762016514003	0.05360889508913238	0.16027714264504955	0.021604752346695715	0.021132033956097987	0.03339099121532325	0.027692176905132964	0.27310494698294674	0.0341796764788983	0.033200861390260496	0.051027687698005475	0.12133666337856099	0.04436885833628891	0.056406222598247735	0.018582383341947957
58	MAPK1-2	0.02493485064555377	0.028925797944553987	0.049481479482185016	0.19604551028515618	0.03848002599975241	0.01700146075552829	0.03669253051769402	0.029236201825259586	0.2276766682284565	0.06535223823335336	0.030691581053208985	0.03882815524792666	0.15051122504618486	0.025434863547420826	0.017631978948858585	0.023075432238907182
59	SLC2A2-2	0.022417163663036477	0.024523313374323473	0.031757626024947486	0.12017546466229284	0.03240871180134387	0.014180273462311748	0.029830925605058175	0.0436793435396681	0.36543950235341977	0.04824602867903607	0.03296200576842742	0.040420102472805516	0.07455316465528262	0.06804949783443091	0.028790770740601747	0.02256610536301363
60	ERBB3-1	0.024051156776229266	0.02985944779626996	0.05801850865207005	0.12635934712597485	0.02879743131131809	0.020827624951800693	0.03960718884315245	0.034669436601041326	0.25712670102637014	0.03514507000941219	0.033214468110416624	0.050333293256891364	0.12895457621425557	0.05770362644634014	0.05394300204210346	0.02138912083635441
61	GPX4-2	0.022041345810386158	0.07343425403887946	0.04930695052614048	0.05175203326636384	0.04456962320170359	0.01139317719961702	0.010719440975594732	0.02372264489437128	0.24433139052199995	0.024324535839203843	0.05095904024511156	0.08335419638379311	0.04552611525508306	0.17530574421577647	0.016107249337983832	0.07315225828799164
62	Chr2-5	0.026138586831550813	0.026879858962888924	0.04903041439080619	0.1439901386862345	0.031144474477910255	0.020383788596736747	0.03691758272450873	0.03587020195129176	0.272600474777758	0.03596950092030534	0.03404616886850593	0.04708244357814612	0.11695653584226222	0.054749764860709045	0.046152108079383865	0.022087956451002425
63	Chr2-6	0.025630444639143067	0.027452008992934915	0.054495039152474674	0.16057220527153632	0.031043113205140707	0.022836729091165	0.03636130294249707	0.03241528153575446	0.241763006962163	0.03210446565414981	0.034702861331342254	0.043236448985447366	0.11223655447581286	0.06368335579050154	0.05733850202864424	0.024128679941291264
64	YAP1-1	0.03447836351224917	0.03435279254214461	0.03610287858126222	0.0639890729021518	0.046220724281610594	0.01606346900515294	0.04400372264173064	0.0622685890140444	0.2658892196519572	0.06394691151115417	0.03853417278571349	0.058254608610343275	0.07299448507544318	0.10561333269558364	0.028821606282527234	0.028466050906931092
65	BRD4-1	0.0239070821630009	0.025341970371630617	0.044590410694690046	0.1564291158766725	0.035849601662705434	0.01493199720964945	0.041021747903058514	0.03720647286628095	0.2679035173512612	0.062182104282325304	0.030936726366335945	0.04570602119623062	0.12188153036711623	0.04872017303434591	0.022874183049112796	0.020517345605583825
66	PTK2-2	0.02537571858959662	0.027400532989687497	0.05037580708929211	0.1446054444931431	0.04228195121773209	0.02228914439090419	0.030410064632762888	0.03346401711798917	0.26890708262615953	0.031395150666251925	0.03839038378438344	0.04484658347117964	0.10391665553808495	0.05392433715652522	0.05742408195813525	0.024993044278171995
67	LacZ-3	0.024917152059455182	0.02797446956263876	0.05390826966556445	0.15443860055447214	0.03372021057510754	0.01779006254126617	0.0344203636129919	0.04183770632788081	0.28176764294023676	0.047040239406511856	0.03597561787259756	0.0405768985133302	0.08267276342689825	0.05785116562027794	0.037104521436464394	0.028004315884305825
68	EGFR-1	0.023366354162952532	0.030862711210034605	0.06371902138158149	0.16582597765076101	0.022628962025902755	0.02543090620649276	0.034572553681923204	0.033813880347470376	0.20334540935900128	0.02688633195609987	0.03666068340546795	0.05138728976034224	0.127413310709776	0.05951064573429831	0.06942446371164401	0.025151498696250274
69	RHOA-1	0.025823876941835997	0.027274188934381372	0.05711591345922215	0.09848928466950857	0.021281230209961265	0.02167440122435024	0.03045834185593743	0.037377828391288885	0.24710707556242312	0.018015128234318535	0.03364317261372606	0.0648656224119262	0.08127059133277437	0.11371051038070187	0.09740524646797183	0.024487587309671426
70	CTNNB1-2	0.021819610779001207	0.02407754580571715	0.051305669807003136	0.161365947632453	0.026391429093799226	0.018434580256610607	0.03191558679272155	0.03115624023334434	0.28296184725266527	0.026179740323969535	0.03211158649407387	0.04305157910303059	0.12635649516957345	0.05508974037172066	0.045502630733604964	0.022279770150711403
71	MYC-2	0.029201763738499937	0.024793819713405663	0.0381132230782561	0.10159860401630655	0.06213093377158408	0.018440029936351195	0.021330596477287238	0.04788057881495438	0.3165175158935137	0.030238046306042425	0.04585160837258922	0.052613683257157394	0.07230876295491563	0.07719884614726288	0.039969032937558706	0.021812954584314752
72	GLS-2	0.025059542654358658	0.026537549922952347	0.049832703116123825	0.15660100056273202	0.037740148655076376	0.019830451808564183	0.03555937688925805	0.03454921085543174	0.27586528073457206	0.03801023613039993	0.03579478983777051	0.04519856120590443	0.11588405167595446	0.047937010486087554	0.03450919903320053	0.021090886431614053
73	JAK3-1	0.02125258194208047	0.025739317834539806	0.05151127196282782	0.18939346314452382	0.029279492658543627	0.017197227798629238	0.030919770031169153	0.030052595229562547	0.2710853724403383	0.03925698033077907	0.03398152539920355	0.046388319954604434	0.11292229984578968	0.049461761888819754	0.027968537783203726	0.023589481755384153
74	RAC1-2	0.02473313881936953	0.025946040366916542	0.045594423126171374	0.1342271013459931	0.029199379354481327	0.018956577138164964	0.031547991130908795	0.03800357831742891	0.30816696627371654	0.03074804283716928	0.03480452436122095	0.05229118579570786	0.08546900002807904	0.07033685063631757	0.046273457066388836	0.0237017434019669
75	ARID1B-1	0.020782474119374866	0.028268545679988002	0.04939982282386445	0.16953807176605434	0.028835035921143722	0.021561759998523188	0.031517058623833936	0.032608985560907376	0.2720728727285496	0.0292506804387072	0.03007545251118842	0.04514351442724119	0.09905407390661623	0.06167607974466774	0.054280653362867276	0.025934918386472838
76	CDK4-2	0.02709348450634464	0.023147651184603282	0.031693615033597494	0.06933929380604914	0.03615233899480938	0.009009603069500414	0.04386646746674319	0.03519767566256894	0.19007132724694045	0.22295477218054288	0.03241804451604804	0.04803568412709777	0.12348869988944289	0.07180183288219961	0.010858420332022022	0.024871089101489382
77	ITGAV-2	0.016735626574940914	0.02342941909575808	0.12465770116483776	0.08103500411671155	0.01406583496222746	0.019641524596144464	0.03885085628203072	0.027562980246011642	0.1007433681315091	0.008214399959348197	0.034549339321364454	0.06056406563948186	0.17856236039213128	0.14303869234006705	0.09669072294138725	0.03165810423604859
78	EGLN1-9	0.030451241805750918	0.03187439796195054	0.06490266800988849	0.11008364453754038	0.036831681104663914	0.021091517751824468	0.029340945115420018	0.03542174287937433	0.24563324932111058	0.019767791222281	0.03666978009019455	0.0506734206045803	0.10016503729970191	0.08904434831930565	0.07043735062140308	0.027611183355010133
79	AKT1-1	0.023682360971292	0.025830053607545356	0.05522817016773012	0.13968529572215033	0.028313774531009316	0.01865245521674951	0.028067831478207104	0.03681506815239434	0.2681261081867575	0.025521394515247226	0.038346138133356675	0.05404479736754844	0.08886419060717043	0.08581672772324966	0.05037742672812348	0.032628206891468274
80	SDHB-2	0.02370636525632148	0.022590746060058654	0.03874582363094326	0.14770679658839433	0.031634248301714664	0.014249049964146672	0.030173158889462207	0.03440448221947629	0.35018366182967786	0.053357016143915435	0.02954077242610744	0.04037078572502663	0.08151179304766701	0.05113222070546666	0.026705180940308746	0.023987898271312386
81	BCL2L2-4	0.024575815289321637	0.02633874648011386	0.05768905898460461	0.15145209696480202	0.02563435919820052	0.020353978764451924	0.03607508633817508	0.03940774671587064	0.23700534354370184	0.03696237486209245	0.038368563273221114	0.05374004272307155	0.10149869830643285	0.06578969728965907	0.05759898647672432	0.027509404789555523
82	ATF4-1	0.02222296953606571	0.027623985042126868	0.046486991417979004	0.13695299686237017	0.04251120076004838	0.016689564547034103	0.04111468349491696	0.03518007526614834	0.270741974771436	0.04977307332921741	0.02777284135668145	0.04786647700832001	0.1218857817305734	0.0661674114438914	0.02258098743617797	0.024428985997012768
83	MAPK1-1	0.024429979771785126	0.02820909776803238	0.04557177438521014	0.18999837706639477	0.043664004137486084	0.018240655978545163	0.03333514494002804	0.026737474423306495	0.2450603061967154	0.06560106228709786	0.029671169798589542	0.03920698551768482	0.12601650215388108	0.04278502328929211	0.019538698927396427	0.021933743358556662
84	BRAF1-1	0.023617310464651372	0.026012778704595393	0.04863888903681934	0.19424267142300974	0.02793695368915228	0.015090201665115299	0.03259094293250703	0.02501733534563691	0.2495166890156377	0.07073830256706164	0.028952520615963116	0.03437222798467453	0.15641604714571483	0.0293788928058077	0.015715992288096232	0.021762244315556723
85	PRDX1-2	0.02156256529640879	0.025688329146738464	0.050717348490896985	0.17105535310530157	0.028681652329554892	0.018969166207844886	0.0340961242763174	0.03618981443751658	0.30375833130460106	0.032847119073120816	0.03282080884701634	0.03741010856387332	0.10725314269589527	0.04461228547115887	0.03344389136358735	0.02089395939016851
86	HIF1a-1	0.023675202257532384	0.037720410173399416	0.06435722200572379	0.16723345465254744	0.026191760638611533	0.02691887643195384	0.040197712459667544	0.041074572697468226	0.22566809244632952	0.03587922876382264	0.03294184405439959	0.03828263364424308	0.0996469595310696	0.05470451688961881	0.051447530529590495	0.03405998282402146
87	MTOR-1	0.02709243197608656	0.022055850561703238	0.03714954674258454	0.1430379661110464	0.03858534875931226	0.01678882672570797	0.026971714471392072	0.038009598545374716	0.34017933568374964	0.043797726531138885	0.03535906712704996	0.04471924853833683	0.08396194248082627	0.05210244896204653	0.029234084442013017	0.02095486234162959
88	EGLN1-8	0.027432513456062117	0.027714452905939584	0.06842455483843733	0.12275578570532093	0.03819456384618026	0.019138761833843092	0.02747693512668068	0.03700226594393545	0.28189477112551814	0.023008503139662104	0.032052656946760065	0.04963038870770668	0.08114950004691657	0.08210546417334909	0.054993259207052385	0.027025622996634975
89	CCNE1-2	0.023468863948012068	0.0241134388278329	0.04658793469111696	0.17528331108916217	0.03158457267963064	0.020355276026705497	0.03348896754507354	0.03461048453663138	0.28895919496364963	0.03968372333515823	0.03197097394642112	0.039233375860729586	0.09116301383469332	0.057171452727951474	0.03769090080835858	0.024634515178872426
90	AKT1-2	0.024118088690794993	0.02712490199223107	0.052634728140872084	0.17109414955280683	0.026522280764189138	0.021183584060792213	0.032310465743283334	0.036198499382530266	0.26635818250087356	0.02710658907274626	0.03844910332545492	0.047025862238479925	0.09497626307373207	0.05669300594673223	0.05103481783968582	0.02716947767479481
91	EGFR-2	0.023791185149336317	0.029633727323028408	0.05756268704241324	0.1559245081616502	0.030719320641375163	0.023629516461716037	0.03617275852598207	0.034820949263696194	0.21719247532177635	0.03873703952349144	0.0354652575893667	0.05534900162379018	0.12467856138472058	0.0543987653178078	0.06012336375258238	0.02180088291726628
92	BRD4-2	0.020945757373646377	0.02731368125701156	0.061261488314600786	0.14251144121610823	0.03209905787642677	0.019883813915409432	0.0564723659165651	0.0407254303366603	0.21189880988505766	0.05258901409334164	0.030824800322257432	0.05514870554339982	0.11761851266445691	0.07185254539803614	0.033195180869938695	0.02565939501708317
93	CSNK1A1-2	0.03156430623721579	0.03154241279651786	0.05126982502283212	0.12133650690598019	0.04149089027836088	0.019885271082610536	0.034550326848902455	0.05184978158553264	0.2703306912949972	0.04506830168751042	0.040189712228490104	0.04708861955792628	0.07077723575371067	0.06393415574743315	0.04925352697165667	0.029868436000322737
94	CTNNB1-1	0.03169774478806968	0.036155377701640054	0.05865267555939015	0.09289816901169004	0.0470889994109295	0.020540691612960366	0.036918910107283806	0.04948354475198524	0.23789665688462788	0.02673819322048887	0.03642257433735908	0.04878975677071457	0.07160765835222338	0.09953142234551711	0.07180814408299399	0.03376948106212629
95	ERBB2-2	0.024794466749239106	0.026637862663857672	0.05988676529771995	0.1432159363228999	0.03393182368085555	0.02316660916118995	0.03300815821786977	0.03167043204534241	0.23482405971610723	0.0327188446602607	0.03946393496761635	0.05699135600213942	0.11249090909547595	0.06701301349465039	0.05531899449013834	0.024866833434636904
96	CCND1-2	0.019125025187181535	0.026893096596454745	0.016809824681573177	0.05987173304526353	0.04387414559182754	0.007190491023651019	0.047505258322044136	0.02294070260813614	0.17001031163944105	0.23262497656259193	0.030750228449776446	0.03741907468731629	0.20235284838963397	0.06400104834731289	0.004277354566469394	0.014353880301325755
97	PTK2-1	0.023761470283734907	0.029070665615263513	0.06290947016446502	0.16066412909071498	0.033096001422125064	0.02262395222111351	0.031209890612157714	0.031266223744140904	0.23879496462254637	0.025172629932798875	0.035630130592369406	0.04698513758153176	0.09502864828966655	0.07527031790394738	0.06182170420158014	0.026694663721844966
98	STAT3-2	0.024533817194785593	0.02443702395892237	0.04598026400206742	0.16198576770253476	0.03248973030045642	0.020362084763175622	0.032478111564615525	0.03064415897277664	0.29504649321887094	0.03424298790437465	0.031692583335257415	0.040300860858635025	0.10974387594086989	0.050362631123934576	0.04537940995175152	0.020320199206971284
99	TXN-2	0.022424710268163506	0.026340185116028408	0.03839913008066263	0.1508866759476365	0.03783449749237839	0.016315904992663475	0.03086462944195694	0.03713318569779875	0.318802366331184	0.04586346172264794	0.031706035807469404	0.040484844216462326	0.09672723172009978	0.05757674861626313	0.02653428906962804	0.022106103478957615
100	CDK4-3	0.023905364696261207	0.026661938217025543	0.04284122706984007	0.07579104972574231	0.04309579257760938	0.013601940157234113	0.03504676551702016	0.03292278630548922	0.2166410356332837	0.18592076340848768	0.03528720764063999	0.04624152034075204	0.0859485000935657	0.08513776107441576	0.021680018589695406	0.029276328952937896
101	GLS-1	0.025805781685173144	0.02691970728023983	0.045287838898885144	0.17467345394655245	0.029947376342659957	0.024467734162613722	0.0325977419212631	0.03238887208252044	0.24107157833361886	0.033200725489348416	0.03867627370601327	0.04625164923893052	0.1199339752602782	0.05296647440879889	0.05481234141472587	0.02099847582837886
102	GPX4-1	0.01873579849571166	0.056643812418803105	0.03332649580398189	0.05862227272888334	0.0738731220052642	0.01626080324983943	0.02177866126166485	0.028321145722526597	0.2568304081475508	0.030665183544404277	0.04577862438914114	0.05920822279455406	0.05837235933200341	0.15894270738540037	0.01979986904655437	0.06284051367371672
103	PIK3CA-2	0.024851620774195383	0.02740340141351752	0.052721451175825364	0.1451406434116516	0.033156313608849984	0.02167322307998664	0.03567867777169136	0.0336725913976391	0.2867174623381783	0.03244729321584575	0.03548256610470107	0.050684143882690415	0.09124995723047051	0.05826946647882509	0.04777491945003006	0.023076268665903336
104	SDHB-1	0.023517119424688395	0.02439819098474078	0.03880988098808403	0.15204376325281238	0.03120573745714695	0.01683536430450141	0.029637819851413817	0.039386937047841464	0.32994464807514023	0.04196901891773736	0.03296625707038555	0.03927492451149736	0.091390091573463	0.05148320985865809	0.03532447288608153	0.02181256379580806
105	ATP50-1	0.02100007808604469	0.02867151406067561	0.044430979821358546	0.18165572095266333	0.026238242520246455	0.019865401878629455	0.03544422096022974	0.030769262319053033	0.31130778386389873	0.03751907201515481	0.0306706546806514	0.03355752463405037	0.10680925701104814	0.03986265271795859	0.031873815061846396	0.020323819416490255
106	ATP50-2	0.02236915583479257	0.028337106798918786	0.05156768654697968	0.13771318728852566	0.040030537806391535	0.02039415770817003	0.03446873639868036	0.03399352426455953	0.2868386074101916	0.03381561162881261	0.03331064108144213	0.044616600232883365	0.09928796851858113	0.0644893708582762	0.04259421232756767	0.02617289529522725
107	BCL2-2	0.025861336327154354	0.027177595626078365	0.04786931773946403	0.1445721872565231	0.03282903173869834	0.02096638324855478	0.03323842506295554	0.03275523201646723	0.3054006326663071	0.03586661767583509	0.03282502173046987	0.04258858775712725	0.09282810272373904	0.05810169042165194	0.04361802422126573	0.023501813787708457
108	KRAS-2A	0.024618317853531607	0.027184778077083006	0.05534744713615402	0.14034308442881377	0.027573561528879954	0.024714529173195998	0.03196097312043244	0.03398353619578349	0.25152412026271653	0.0387148340688474	0.03409648400038057	0.05308344595731126	0.09490759867416981	0.06878425306996876	0.06718695192804502	0.025976084524687384
109	CDK2-1	0.024685051073930743	0.02865835062898399	0.05108344165108527	0.16122369171559323	0.029857935788003616	0.019673270975876178	0.03552408078496965	0.0375009958872835	0.27050152692780016	0.04336675884364971	0.03265399745259252	0.04705396485978938	0.09991915528498933	0.0540631964942498	0.04092627530524537	0.02330830632595796
110	XBP-2	0.023501259577850958	0.02669954372314419	0.0395770889672908	0.1458068617648643	0.029329247050395534	0.01593638259624395	0.03585556495841841	0.040379545431616086	0.31234364397425607	0.03188434769375808	0.031467699381083514	0.044601519827959187	0.11418240136221927	0.05249270261408924	0.03260592844023355	0.023336262636576673
111	ERBB2-1	0.025034383972693336	0.02418908128671112	0.06197243996383107	0.14477531225358173	0.02939435385202312	0.020295069707876996	0.031789151477119644	0.036649170425241254	0.26164004505110705	0.03383000545744588	0.03366196986733608	0.05438517808561265	0.11008414705349205	0.06536343650410792	0.0432984341903343	0.023637820851484977
112	KIF11-1	0.018584846166637102	0.022561895522875682	0.03231171432190835	0.10908326421374394	0.043520657460797585	0.011033780214587237	0.022353124647406485	0.032848022565108506	0.350844886581711	0.07303788209992981	0.03140730305654579	0.04021296519650001	0.09445510963811884	0.07505389827060105	0.013716341843805845	0.028974308199722736
113	KRAS-1	0.023289177741647946	0.027198131825675684	0.05225915353307881	0.15207774131879137	0.03026001585546324	0.017057207991448175	0.02955547167230465	0.03560464421820223	0.2974235527175892	0.042261730824347817	0.032439450041133355	0.04836594376015175	0.09484376773295536	0.056447202048080396	0.035135466123450164	0.025781342595679362
114	MTOR-2	0.02442455400666922	0.02289411789863423	0.03501921364321719	0.16186069290448984	0.038082935439113376	0.01744631683174643	0.030330833612922353	0.03859167140232033	0.3348065934206829	0.030179375506211147	0.03403491313695645	0.0389032092309116	0.08180880504153473	0.05271524817643418	0.037645156237061744	0.02125636351109404
115	KIF11-2	0.017147219426685383	0.07398218719966443	0.02976349253964838	0.1101763957477146	0.02173194276677591	0.009476210394582577	0.012062307626840458	0.01489149874225966	0.2776232472351651	0.11015899275747584	0.026058611590743182	0.05234266554853411	0.11982372172318688	0.09785943456817776	0.004876766020031702	0.02202530611251388
116	SUZ12-2	0.025630518577592392	0.02490941730590609	0.039623828778562055	0.1571195044920314	0.03340883816485105	0.016978695897480956	0.03507481806799272	0.03380383684461379	0.3139628269711121	0.057751880484908355	0.030468656127500708	0.03991934847128309	0.09685987756640309	0.049607357146585956	0.02520426025182138	0.01967633485135499
117	ERBB3-2	0.022532698227722282	0.02444283972719092	0.05879791569945965	0.16340768019724908	0.028120304627762695	0.02330741040378995	0.03455934147211243	0.031188581078887657	0.23186884001315305	0.023518225172297583	0.033312515135651505	0.0453664865576393	0.11123350044117147	0.06968713795147725	0.07289892719611042	0.025757596098325994
118	SLC2A1-1	0.025409234895627558	0.02332333191516284	0.02696450318994239	0.10037943555180834	0.043104334220092355	0.012300951840045498	0.025505882783124878	0.04567038232724997	0.3592442325920481	0.062440974363758256	0.03014093737409096	0.04226293708365923	0.06094694171453369	0.09334029155009856	0.02409409249269475	0.02487153610606305
